25
114
4 3 25 26 14 17 27 28
1 11 38 39 29 26 25 40
3 11 47 48 41 39 38 49
2 8 14 15 0 5 16 17
0 10 29 30 18 15 14 26
3 6 41 42 31 30 29 39
2 3 50 51 43 42 41 48
2 12 0 1 2 3 4 5
5 0 18 19 6 1 0 15
0 6 31 32 20 19 18 30
1 10 43 44 33 32 31 42
3 9 52 53 45 44 43 51
1 4 6 7 8 9 2 1
4 9 20 21 10 7 6 19
3 2 33 34 22 21 20 32
4 5 45 46 35 34 33 44
0 8 10 11 12 13 8 7
0 4 22 23 24 11 10 21
2 5 35 36 37 23 22 34
C0 2 45 46
C1 2 38 49
C2 2 48 50
C3 2 8 9
C4 2 16 17
C31 8 11 24 25 28 36 37 4 5
6 10 3 7 11 9 8 5 6 12 8 7 4 6 8 6 8 12 10 9 10 9 9 3 7 7 8 4 7 9 8 3 7 4 5 5 5 7 6 7 3 7 8 5 4 6 7 6 7 7 9 9 4 8 6 11 6 6 8 9 10 5 4 9 7 7 5 11 5 5 8 5 3 9 10 10 6 7 9 6 9 11 8 10 11 7 6 3 10 3 7 5 6 6 4 3 4 7 7 4 3 6 8 11 9 7 9 8 7 8 8 6 9 6
99
2 11 25 26 14 17 27 28
0 4 38 39 29 26 25 40
4 5 47 48 41 39 38 49
0 10 14 15 0 5 16 17
4 6 29 30 18 15 14 26
2 2 41 42 31 30 29 39
3 6 50 51 43 42 41 48
2 11 0 1 2 3 4 5
3 8 18 19 6 1 0 15
0 9 31 32 20 19 18 30
0 3 43 44 33 32 31 42
1 5 52 53 45 44 43 51
3 3 6 7 8 9 2 1
4 8 20 21 10 7 6 19
5 0 33 34 22 21 20 32
1 12 45 46 35 34 33 44
2 10 10 11 12 13 8 7
1 4 22 23 24 11 10 21
3 9 35 36 37 23 22 34
C0 2 35 36
C1 2 45 46
C2 2 47 49
C3 2 23 37
C4 2 17 27
C31 8 38 40 8 9 48 50 11 12
7 7 9 4 8 11 6 3 7 12 5 9 9 4 5 6 9 2 12 12 2 7 3 9 7 10 4 6 7 2 9 4 8 7 5 5 10 9 8 5 9 6 7 5 7 8 4 9 9 8 7 7 5 5 11 10 7 7 5 4 6 6 6 7 5 5 7 9 9 5 7 9 7 5 4 10 12 4 2 10 3 9 6 11 6 6 4 5 8 8 7 7 6 10 8 6 7 7 11
93
0 6 25 26 14 17 27 28
5 0 38 39 29 26 25 40
0 2 47 48 41 39 38 49
2 12 14 15 0 5 16 17
2 6 29 30 18 15 14 26
2 5 41 42 31 30 29 39
1 3 50 51 43 42 41 48
4 4 0 1 2 3 4 5
3 9 18 19 6 1 0 15
0 11 31 32 20 19 18 30
1 11 43 44 33 32 31 42
0 8 52 53 45 44 43 51
2 10 6 7 8 9 2 1
1 3 20 21 10 7 6 19
3 9 33 34 22 21 20 32
4 5 45 46 35 34 33 44
3 4 10 11 12 13 8 7
4 8 22 23 24 11 10 21
3 10 35 36 37 23 22 34
C0 2 38 40
C1 2 48 50
C2 2 25 28
C3 2 52 53
C4 2 11 24
C31 8 3 4 45 46 23 37 2 9
6 3 2 9 7 7 7 6 5 10 6 10 8 4 6 4 11 6 5 7 9 7 9 9 7 2 10 5 6 6 5 9 5 8 9 8 8 7 7 4 5 7 7 4 8 3 7 8 7 11 10 4 8 6 10 6 5 7 7 7 3 3 9 5 7 10 7 5 5 9 7 8 8 7 4 5 4 10 8 7 4 6 8 4 5 10 3 6 3 5 5 10 5
112
1 11 25 26 14 17 27 28
3 10 38 39 29 26 25 40
4 2 47 48 41 39 38 49
0 6 14 15 0 5 16 17
4 5 29 30 18 15 14 26
2 9 41 42 31 30 29 39
3 3 50 51 43 42 41 48
2 11 0 1 2 3 4 5
2 3 18 19 6 1 0 15
1 9 31 32 20 19 18 30
5 0 43 44 33 32 31 42
4 6 52 53 45 44 43 51
1 5 6 7 8 9 2 1
0 4 20 21 10 7 6 19
3 4 33 34 22 21 20 32
2 12 45 46 35 34 33 44
3 8 10 11 12 13 8 7
0 10 22 23 24 11 10 21
0 8 35 36 37 23 22 34
C0 2 38 49
C1 2 11 24
C2 2 2 3
C3 2 27 28
C4 2 36 37
C31 8 45 46 50 51 47 48 8 13
11 8 6 6 11 12 7 8 6 5 6 10 12 4 7 7 4 7 3 4 9 7 10 6 10 6 7 5 7 3 3 6 7 11 11 3 7 5 9 9 6 8 10 5 7 9 11 6 9 5 4 5 7 7 2 6 11 5 8 9 6 11 8 5 7 10 4 3 8 10 8 4 5 10 9 7 6 11 4 10 7 6 4 9 9 7 6 4 8 10 11 5 7 6 8 3 4 8 9 6 7 4 6 8 10 12 4 5 10 8 6 6
95
3 10 25 26 14 17 27 28
1 8 38 39 29 26 25 40
1 6 47 48 41 39 38 49
3 9 14 15 0 5 16 17
4 5 29 30 18 15 14 26
4 3 41 42 31 30 29 39
3 11 50 51 43 42 41 48
1 11 0 1 2 3 4 5
2 10 18 19 6 1 0 15
3 6 31 32 20 19 18 30
0 8 43 44 33 32 31 42
2 4 52 53 45 44 43 51
2 3 6 7 8 9 2 1
4 2 20 21 10 7 6 19
0 5 33 34 22 21 20 32
0 12 45 46 35 34 33 44
2 9 10 11 12 13 8 7
0 4 22 23 24 11 10 21
5 0 35 36 37 23 22 34
C0 2 38 40
C1 2 47 49
C2 2 4 5
C3 2 2 9
C4 2 27 28
C31 8 45 46 8 13 52 53 11 12
10 9 6 11 8 7 10 7 9 7 8 6 9 11 10 8 8 7 11 8 7 3 2 6 7 5 8 6 5 8 7 4 4 7 9 10 6 12 5 8 6 10 5 7 5 7 6 7 4 6 9 8 6 10 6 7 7 8 4 9 8 12 6 7 8 7 10 6 4 4 6 10 7 9 8 6 10 4 9 9 8 9 11 7 5 3 7 4 4 11 9 8 7 6 4
92
3 5 25 26 14 17 27 28
1 12 38 39 29 26 25 40
1 11 47 48 41 39 38 49
5 0 14 15 0 5 16 17
0 3 29 30 18 15 14 26
0 4 41 42 31 30 29 39
0 8 50 51 43 42 41 48
3 3 0 1 2 3 4 5
2 6 18 19 6 1 0 15
4 2 31 32 20 19 18 30
1 10 43 44 33 32 31 42
4 4 52 53 45 44 43 51
2 10 6 7 8 9 2 1
2 5 20 21 10 7 6 19
2 11 33 34 22 21 20 32
0 8 45 46 35 34 33 44
3 9 10 11 12 13 8 7
4 9 22 23 24 11 10 21
3 6 35 36 37 23 22 34
C0 2 25 28
C1 2 47 49
C2 2 38 40
C3 2 35 46
C4 2 45 53
C31 8 23 37 50 51 3 4 11 24
9 9 4 3 6 4 5 7 6 10 10 11 5 8 8 5 5 6 11 7 10 4 2 2 5 11 8 7 9 3 3 6 10 9 9 11 7 6 8 6 6 2 9 6 7 8 5 8 6 7 7 5 9 9 12 5 12 3 8 8 5 7 10 7 12 11 4 9 10 7 5 10 11 6 9 10 9 10 4 7 10 7 12 6 6 10 9 6 8 3 7 7
98
3 5 25 26 14 17 27 28
0 10 38 39 29 26 25 40
3 11 47 48 41 39 38 49
2 2 14 15 0 5 16 17
0 3 29 30 18 15 14 26
1 11 41 42 31 30 29 39
2 8 50 51 43 42 41 48
1 9 0 1 2 3 4 5
3 9 18 19 6 1 0 15
4 12 31 32 20 19 18 30
2 3 43 44 33 32 31 42
3 8 52 53 45 44 43 51
4 6 6 7 8 9 2 1
1 10 20 21 10 7 6 19
0 4 33 34 22 21 20 32
5 0 45 46 35 34 33 44
4 5 10 11 12 13 8 7
2 6 22 23 24 11 10 21
0 4 35 36 37 23 22 34
C0 2 50 51
C1 2 36 37
C2 2 47 48
C3 2 3 4
C4 2 52 53
C31 8 38 49 45 46 25 40 11 12
10 2 7 7 8 8 8 9 8 12 6 5 7 9 3 6 10 5 9 10 3 8 6 6 6 5 4 9 11 6 6 2 8 5 8 9 8 4 7 7 7 10 2 10 11 4 7 6 8 4 4 7 7 7 10 10 6 6 4 5 9 10 11 4 5 6 7 2 8 10 7 7 5 6 5 6 6 11 4 6 9 7 6 8 9 3 10 5 7 11 7 7 6 10 8 9 9 5
106
4 4 25 26 14 17 27 28
1 8 38 39 29 26 25 40
1 10 47 48 41 39 38 49
3 3 14 15 0 5 16 17
0 11 29 30 18 15 14 26
1 4 41 42 31 30 29 39
5 0 50 51 43 42 41 48
2 5 0 1 2 3 4 5
0 10 18 19 6 1 0 15
0 11 31 32 20 19 18 30
4 9 43 44 33 32 31 42
4 9 52 53 45 44 43 51
2 6 6 7 8 9 2 1
2 8 20 21 10 7 6 19
2 5 33 34 22 21 20 32
3 2 45 46 35 34 33 44
0 3 10 11 12 13 8 7
3 12 22 23 24 11 10 21
3 6 35 36 37 23 22 34
C0 2 4 5
C1 2 35 46
C2 2 12 13
C3 2 50 51
C4 2 2 9
C31 8 25 40 36 37 47 48 23 24
8 7 11 9 6 6 9 4 7 10 9 2 8 8 10 9 8 3 4 7 4 11 10 5 10 8 4 5 3 7 6 8 4 6 10 7 8 6 11 6 6 4 3 8 7 9 4 6 9 10 9 8 12 10 3 6 3 9 8 8 8 7 3 6 3 4 8 10 6 8 11 2 7 11 8 5 12 2 7 7 6 8 6 6 7 4 8 8 7 6 7 8 8 2 4 2 8 8 4 2 8 5 8 8 7 10
108
2 6 25 26 14 17 27 28
3 9 38 39 29 26 25 40
4 10 47 48 41 39 38 49
4 9 14 15 0 5 16 17
0 3 29 30 18 15 14 26
3 11 41 42 31 30 29 39
2 11 50 51 43 42 41 48
0 4 0 1 2 3 4 5
3 3 18 19 6 1 0 15
1 5 31 32 20 19 18 30
1 4 43 44 33 32 31 42
2 5 52 53 45 44 43 51
3 6 6 7 8 9 2 1
5 0 20 21 10 7 6 19
1 2 33 34 22 21 20 32
4 8 45 46 35 34 33 44
0 10 10 11 12 13 8 7
2 8 22 23 24 11 10 21
0 12 35 36 37 23 22 34
C0 2 8 9
C1 2 48 50
C2 2 2 3
C3 2 35 36
C4 2 17 27
C31 8 25 40 11 12 45 53 38 49
6 5 12 9 2 6 6 5 9 7 8 5 7 10 8 10 7 5 5 8 6 6 10 8 8 5 7 4 6 3 6 3 7 6 7 11 7 9 10 3 8 5 5 9 5 7 4 7 7 11 7 7 9 7 6 4 6 7 8 9 7 6 12 9 9 8 4 3 9 8 7 10 4 8 9 7 7 6 9 6 10 9 5 7 4 6 6 6 5 8 9 4 5 9 9 10 9 6 8 5 9 9 9 7 8 11 6 3
96
0 11 25 26 14 17 27 28
0 3 38 39 29 26 25 40
1 3 47 48 41 39 38 49
2 9 14 15 0 5 16 17
2 2 29 30 18 15 14 26
2 9 41 42 31 30 29 39
1 6 50 51 43 42 41 48
3 6 0 1 2 3 4 5
4 8 18 19 6 1 0 15
4 8 31 32 20 19 18 30
3 4 43 44 33 32 31 42
2 4 52 53 45 44 43 51
3 10 6 7 8 9 2 1
1 5 20 21 10 7 6 19
4 12 33 34 22 21 20 32
3 11 45 46 35 34 33 44
5 0 10 11 12 13 8 7
0 5 22 23 24 11 10 21
0 10 35 36 37 23 22 34
C0 2 35 46
C1 2 17 27
C2 2 48 50
C3 2 51 52
C4 2 8 9
C31 8 4 5 12 13 2 3 38 40
11 8 8 6 9 6 8 4 6 5 5 11 11 9 6 7 9 6 6 8 7 6 2 7 3 5 10 7 9 7 7 5 6 8 8 12 10 6 7 2 8 8 11 6 8 7 8 10 4 6 2 6 11 4 7 8 5 8 9 5 6 6 9 4 7 7 4 12 7 8 5 3 7 10 4 2 9 10 3 6 6 5 11 8 7 3 6 7 7 10 6 10 9 6 7 8
97
4 3 25 26 14 17 27 28
2 9 38 39 29 26 25 40
3 9 47 48 41 39 38 49
3 6 14 15 0 5 16 17
2 5 29 30 18 15 14 26
2 11 41 42 31 30 29 39
1 12 50 51 43 42 41 48
5 0 0 1 2 3 4 5
0 4 18 19 6 1 0 15
2 5 31 32 20 19 18 30
1 2 43 44 33 32 31 42
1 8 52 53 45 44 43 51
4 4 6 7 8 9 2 1
0 8 20 21 10 7 6 19
0 10 33 34 22 21 20 32
3 3 45 46 35 34 33 44
0 10 10 11 12 13 8 7
3 6 22 23 24 11 10 21
4 11 35 36 37 23 22 34
C0 2 2 3
C1 2 16 17
C2 2 23 24
C3 2 8 9
C4 2 12 13
C31 8 27 28 36 37 45 53 38 49
12 4 8 10 5 10 10 11 8 5 8 10 6 10 8 12 6 4 8 3 5 10 8 11 6 9 6 11 7 8 7 7 8 5 7 6 6 3 4 11 6 9 8 4 6 3 9 10 7 5 4 9 7 5 7 10 12 11 11 11 8 7 9 9 7 9 6 5 7 4 7 7 9 3 6 7 4 7 10 6 2 6 8 5 5 12 8 4 11 6 6 9 7 7 6 8 10
84
0 5 25 26 14 17 27 28
0 4 38 39 29 26 25 40
0 5 47 48 41 39 38 49
1 8 14 15 0 5 16 17
1 11 29 30 18 15 14 26
4 10 41 42 31 30 29 39
4 8 50 51 43 42 41 48
0 6 0 1 2 3 4 5
1 3 18 19 6 1 0 15
3 2 31 32 20 19 18 30
2 9 43 44 33 32 31 42
3 11 52 53 45 44 43 51
2 9 6 7 8 9 2 1
2 12 20 21 10 7 6 19
2 10 33 34 22 21 20 32
3 3 45 46 35 34 33 44
5 0 10 11 12 13 8 7
3 4 22 23 24 11 10 21
4 6 35 36 37 23 22 34
C0 2 25 28
C1 2 3 4
C2 2 47 49
C3 2 23 24
C4 2 16 17
C31 8 8 13 52 53 35 46 38 40
5 6 9 11 5 9 7 7 9 7 7 3 8 10 10 8 7 6 6 9 8 3 10 5 3 11 8 4 6 4 7 11 4 4 10 4 7 9 4 5 10 7 6 11 3 7 7 7 5 5 7 8 10 5 10 8 9 3 6 7 5 4 8 6 2 5 7 6 5 9 5 10 4 8 6 9 6 7 11 3 11 3 5 10
82
2 5 25 26 14 17 27 28
3 11 38 39 29 26 25 40
1 2 47 48 41 39 38 49
4 10 14 15 0 5 16 17
2 10 29 30 18 15 14 26
0 8 41 42 31 30 29 39
3 6 50 51 43 42 41 48
3 12 0 1 2 3 4 5
0 6 18 19 6 1 0 15
2 3 31 32 20 19 18 30
3 9 43 44 33 32 31 42
1 3 52 53 45 44 43 51
2 11 6 7 8 9 2 1
0 4 20 21 10 7 6 19
5 0 33 34 22 21 20 32
1 4 45 46 35 34 33 44
4 9 10 11 12 13 8 7
0 8 22 23 24 11 10 21
4 5 35 36 37 23 22 34
C0 2 11 12
C1 2 8 9
C2 2 5 16
C3 2 2 3
C4 2 45 53
C31 8 38 49 51 52 48 50 35 36
8 7 4 11 2 5 4 2 10 9 7 6 3 7 8 10 4 12 8 7 4 4 8 7 6 4 9 8 8 2 6 9 6 7 6 9 6 11 8 9 8 7 4 4 8 5 7 10 3 11 8 11 10 2 9 10 4 6 5 4 3 4 4 10 5 4 12 6 2 3 6 6 3 7 4 2 7 4 4 4 5 9
89
3 9 25 26 14 17 27 28
2 11 38 39 29 26 25 40
2 4 47 48 41 39 38 49
4 3 14 15 0 5 16 17
0 5 29 30 18 15 14 26
5 0 41 42 31 30 29 39
3 5 50 51 43 42 41 48
3 12 0 1 2 3 4 5
0 8 18 19 6 1 0 15
0 3 31 32 20 19 18 30
4 4 43 44 33 32 31 42
1 2 52 53 45 44 43 51
1 6 6 7 8 9 2 1
0 11 20 21 10 7 6 19
3 6 33 34 22 21 20 32
2 10 45 46 35 34 33 44
4 10 10 11 12 13 8 7
1 8 22 23 24 11 10 21
2 9 35 36 37 23 22 34
C0 2 17 27
C1 2 2 9
C2 2 12 13
C3 2 23 24
C4 2 45 46
C31 8 25 40 38 49 5 16 3 4
5 9 6 5 9 2 9 10 9 5 7 5 3 7 7 7 5 3 7 2 5 8 6 6 11 5 4 4 8 6 9 8 7 8 10 11 7 6 9 12 5 7 7 11 10 7 3 6 6 10 10 7 8 10 5 7 2 6 2 6 7 7 5 7 8 7 7 10 4 4 4 8 3 8 10 6 3 11 9 10 4 9 2 8 6 6 4 11 8
120
4 10 25 26 14 17 27 28
2 8 38 39 29 26 25 40
2 6 47 48 41 39 38 49
1 6 14 15 0 5 16 17
3 12 29 30 18 15 14 26
3 9 41 42 31 30 29 39
0 11 50 51 43 42 41 48
3 2 0 1 2 3 4 5
0 3 18 19 6 1 0 15
5 0 31 32 20 19 18 30
3 4 43 44 33 32 31 42
1 10 52 53 45 44 43 51
0 9 6 7 8 9 2 1
0 5 20 21 10 7 6 19
4 3 33 34 22 21 20 32
1 5 45 46 35 34 33 44
4 11 10 11 12 13 8 7
2 4 22 23 24 11 10 21
2 8 35 36 37 23 22 34
C0 2 51 52
C1 2 38 40
C2 2 47 48
C3 2 12 13
C4 2 27 28
C31 8 8 9 2 3 5 16 35 46
5 9 7 2 4 7 5 8 11 7 7 8 10 7 6 11 12 7 9 7 9 9 6 9 9 7 3 6 5 9 8 2 5 7 8 10 8 6 6 9 11 7 3 3 9 5 9 10 8 3 11 9 5 6 5 11 7 10 6 9 8 10 3 6 6 9 6 2 6 6 9 2 7 3 9 8 7 2 8 9 10 7 6 3 8 6 11 8 6 7 3 5 5 8 5 7 6 9 7 6 10 5 7 7 7 9 8 5 7 4 12 4 6 6 9 10 8 9 6 3
85
3 11 25 26 14 17 27 28
0 9 38 39 29 26 25 40
3 11 47 48 41 39 38 49
1 12 14 15 0 5 16 17
4 4 29 30 18 15 14 26
3 6 41 42 31 30 29 39
0 10 50 51 43 42 41 48
2 10 0 1 2 3 4 5
2 5 18 19 6 1 0 15
1 6 31 32 20 19 18 30
3 8 43 44 33 32 31 42
1 2 52 53 45 44 43 51
2 9 6 7 8 9 2 1
5 0 20 21 10 7 6 19
2 3 33 34 22 21 20 32
4 8 45 46 35 34 33 44
4 3 10 11 12 13 8 7
0 4 22 23 24 11 10 21
0 5 35 36 37 23 22 34
C0 2 51 52
C1 2 25 28
C2 2 47 49
C3 2 23 37
C4 2 45 53
C31 8 8 13 11 12 5 16 3 4
9 5 2 7 12 9 2 9 5 5 9 9 11 6 2 2 3 4 7 8 9 7 6 6 8 6 6 4 5 3 7 9 7 7 5 5 4 4 8 6 8 7 10 5 8 10 5 3 8 10 9 10 5 8 2 4 10 10 9 4 5 2 5 9 8 9 8 12 9 3 6 5 4 3 5 11 5 6 4 7 3 10 12 7 7
101
0 2 25 26 14 17 27 28
1 10 38 39 29 26 25 40
0 4 47 48 41 39 38 49
2 10 14 15 0 5 16 17
3 11 29 30 18 15 14 26
5 0 41 42 31 30 29 39
2 6 50 51 43 42 41 48
1 4 0 1 2 3 4 5
3 6 18 19 6 1 0 15
0 12 31 32 20 19 18 30
4 8 43 44 33 32 31 42
2 11 52 53 45 44 43 51
2 8 6 7 8 9 2 1
1 5 20 21 10 7 6 19
0 5 33 34 22 21 20 32
3 9 45 46 35 34 33 44
4 9 10 11 12 13 8 7
4 3 22 23 24 11 10 21
3 3 35 36 37 23 22 34
C0 2 23 24
C1 2 17 27
C2 2 8 9
C3 2 52 53
C4 2 35 36
C31 8 50 51 5 16 25 28 45 46
9 4 7 6 7 11 10 10 10 5 2 9 5 5 3 7 4 8 8 8 10 11 7 11 7 8 11 7 8 8 8 8 9 3 9 7 2 7 8 7 6 7 10 5 7 10 10 7 5 11 8 6 6 7 10 9 8 7 7 3 4 10 7 3 10 2 6 7 3 3 3 5 4 10 3 7 2 10 5 7 2 12 11 7 8 6 2 6 10 6 6 9 9 11 6 5 5 4 10 10 8
87
3 9 25 26 14 17 27 28
2 3 38 39 29 26 25 40
3 4 47 48 41 39 38 49
2 11 14 15 0 5 16 17
3 4 29 30 18 15 14 26
5 0 41 42 31 30 29 39
3 3 50 51 43 42 41 48
0 2 0 1 2 3 4 5
4 10 18 19 6 1 0 15
1 6 31 32 20 19 18 30
1 8 43 44 33 32 31 42
1 9 52 53 45 44 43 51
0 10 6 7 8 9 2 1
2 11 20 21 10 7 6 19
4 12 33 34 22 21 20 32
4 8 45 46 35 34 33 44
0 5 10 11 12 13 8 7
0 5 22 23 24 11 10 21
2 6 35 36 37 23 22 34
C0 2 5 16
C1 2 45 46
C2 2 27 28
C3 2 23 37
C4 2 52 53
C31 8 50 51 11 24 3 4 12 13
11 8 10 3 9 8 6 5 2 7 7 3 11 6 3 10 6 12 6 7 9 6 10 11 8 11 5 6 8 10 3 6 11 7 6 3 3 4 10 5 9 8 6 12 7 8 2 8 7 7 11 10 7 6 7 10 11 10 5 9 6 5 8 8 5 6 4 5 9 6 4 7 6 7 3 6 10 9 5 6 10 8 11 4 2 12 11
100
0 12 25 26 14 17 27 28
2 5 38 39 29 26 25 40
1 10 47 48 41 39 38 49
0 3 14 15 0 5 16 17
2 3 29 30 18 15 14 26
4 10 41 42 31 30 29 39
3 11 50 51 43 42 41 48
1 11 0 1 2 3 4 5
5 0 18 19 6 1 0 15
3 9 31 32 20 19 18 30
0 9 43 44 33 32 31 42
0 8 52 53 45 44 43 51
2 8 6 7 8 9 2 1
3 6 20 21 10 7 6 19
4 4 33 34 22 21 20 32
1 6 45 46 35 34 33 44
4 5 10 11 12 13 8 7
3 4 22 23 24 11 10 21
2 2 35 36 37 23 22 34
C0 2 27 28
C1 2 38 49
C2 2 11 12
C3 2 16 17
C4 2 2 3
C31 8 35 46 23 24 52 53 4 5
8 8 6 5 12 10 5 6 9 8 5 4 5 5 4 9 11 7 6 4 5 8 10 7 6 10 4 8 6 6 5 9 10 12 7 6 7 9 2 6 7 7 8 8 6 7 11 7 7 6 7 5 8 9 10 10 4 10 8 8 6 7 7 6 9 8 5 4 9 8 4 6 11 10 8 5 8 10 9 8 7 11 5 8 8 6 8 5 5 10 8 8 8 6 6 6 10 10 7 2
85
2 9 25 26 14 17 27 28
3 10 38 39 29 26 25 40
1 8 47 48 41 39 38 49
3 5 14 15 0 5 16 17
0 6 29 30 18 15 14 26
4 8 41 42 31 30 29 39
0 11 50 51 43 42 41 48
1 6 0 1 2 3 4 5
0 3 18 19 6 1 0 15
4 4 31 32 20 19 18 30
3 9 43 44 33 32 31 42
1 3 52 53 45 44 43 51
2 4 6 7 8 9 2 1
2 5 20 21 10 7 6 19
5 0 33 34 22 21 20 32
2 2 45 46 35 34 33 44
3 10 10 11 12 13 8 7
0 11 22 23 24 11 10 21
4 12 35 36 37 23 22 34
C0 2 45 46
C1 2 36 37
C2 2 47 48
C3 2 12 13
C4 2 8 9
C31 8 50 51 25 28 11 24 2 3
5 6 6 8 8 8 8 11 7 12 7 8 5 4 5 8 5 8 7 5 7 11 6 5 3 2 10 6 5 10 5 12 8 6 7 5 5 7 5 12 5 7 7 4 5 6 6 7 5 8 5 12 3 6 5 5 8 5 6 5 8 5 9 8 7 9 9 8 9 8 6 2 8 9 8 12 7 7 7 6 7 6 8 9 8
87
5 0 25 26 14 17 27 28
1 5 38 39 29 26 25 40
3 5 47 48 41 39 38 49
3 8 14 15 0 5 16 17
0 3 29 30 18 15 14 26
0 10 41 42 31 30 29 39
2 9 50 51 43 42 41 48
0 8 0 1 2 3 4 5
2 11 18 19 6 1 0 15
0 4 31 32 20 19 18 30
4 3 43 44 33 32 31 42
1 2 52 53 45 44 43 51
2 6 6 7 8 9 2 1
4 11 20 21 10 7 6 19
3 6 33 34 22 21 20 32
3 10 45 46 35 34 33 44
1 4 10 11 12 13 8 7
4 9 22 23 24 11 10 21
2 12 35 36 37 23 22 34
C0 2 25 28
C1 2 8 9
C2 2 12 13
C3 2 51 52
C4 2 36 37
C31 8 17 27 5 16 2 3 45 46
9 7 7 6 2 4 9 10 9 4 3 4 4 8 4 9 8 8 6 10 6 9 4 3 7 10 4 10 5 7 5 5 6 9 7 4 11 6 6 3 4 6 9 4 4 6 4 5 5 8 7 5 2 10 3 7 8 7 8 6 10 9 5 9 11 6 5 6 7 3 9 7 8 8 6 9 4 6 8 7 9 4 9 6 7 3 11
90
1 6 25 26 14 17 27 28
0 10 38 39 29 26 25 40
2 3 47 48 41 39 38 49
4 3 14 15 0 5 16 17
1 5 29 30 18 15 14 26
2 8 41 42 31 30 29 39
4 11 50 51 43 42 41 48
3 11 0 1 2 3 4 5
0 2 18 19 6 1 0 15
1 10 31 32 20 19 18 30
5 0 43 44 33 32 31 42
0 4 52 53 45 44 43 51
2 5 6 7 8 9 2 1
0 12 20 21 10 7 6 19
3 9 33 34 22 21 20 32
3 8 45 46 35 34 33 44
3 4 10 11 12 13 8 7
2 9 22 23 24 11 10 21
4 6 35 36 37 23 22 34
C0 2 47 49
C1 2 45 46
C2 2 35 36
C3 2 23 24
C4 2 51 52
C31 8 12 13 38 40 48 50 5 16
9 9 7 7 8 9 8 7 6 4 5 6 8 9 8 6 8 6 11 9 11 9 9 7 7 10 9 10 2 4 10 11 7 9 6 5 6 4 4 6 3 4 7 6 8 3 5 7 10 3 6 12 9 3 6 9 4 8 11 4 5 7 8 9 7 7 10 9 9 8 2 3 4 3 8 7 5 8 10 4 9 7 8 5 6 9 7 9 9 7
114
0 5 25 26 14 17 27 28
1 4 38 39 29 26 25 40
1 9 47 48 41 39 38 49
3 5 14 15 0 5 16 17
1 11 29 30 18 15 14 26
5 0 41 42 31 30 29 39
2 10 50 51 43 42 41 48
0 3 0 1 2 3 4 5
0 6 18 19 6 1 0 15
4 10 31 32 20 19 18 30
4 9 43 44 33 32 31 42
3 8 52 53 45 44 43 51
4 2 6 7 8 9 2 1
2 8 20 21 10 7 6 19
2 6 33 34 22 21 20 32
2 3 45 46 35 34 33 44
3 12 10 11 12 13 8 7
3 4 22 23 24 11 10 21
0 11 35 36 37 23 22 34
C0 2 47 48
C1 2 51 52
C2 2 27 28
C3 2 35 36
C4 2 4 5
C31 8 38 49 11 24 16 17 23 37
4 2 9 7 8 10 8 2 8 7 9 5 7 4 4 3 8 12 8 8 9 7 12 11 11 6 6 8 8 8 6 7 12 12 7 4 8 2 7 9 6 11 7 4 4 7 4 5 9 5 12 10 7 7 10 10 4 5 12 9 5 5 10 8 9 10 6 6 10 6 8 8 3 8 7 10 9 7 6 5 7 7 8 3 6 4 4 5 3 6 7 8 12 3 5 7 11 9 9 6 7 5 5 9 6 7 11 3 5 10 7 11 5 5
119
1 6 25 26 14 17 27 28
4 12 38 39 29 26 25 40
0 3 47 48 41 39 38 49
1 9 14 15 0 5 16 17
2 9 29 30 18 15 14 26
2 3 41 42 31 30 29 39
0 4 50 51 43 42 41 48
2 10 0 1 2 3 4 5
0 2 18 19 6 1 0 15
1 11 31 32 20 19 18 30
3 5 43 44 33 32 31 42
4 8 52 53 45 44 43 51
3 10 6 7 8 9 2 1
3 4 20 21 10 7 6 19
5 0 33 34 22 21 20 32
4 5 45 46 35 34 33 44
2 11 10 11 12 13 8 7
3 6 22 23 24 11 10 21
0 8 35 36 37 23 22 34
C0 2 27 28
C1 2 11 24
C2 2 3 4
C3 2 5 16
C4 2 35 36
C31 8 38 49 45 46 8 13 47 48
8 6 5 7 3 8 2 10 2 8 6 8 6 11 3 12 3 11 9 5 8 12 5 5 7 9 10 9 3 7 4 9 6 9 5 4 9 7 2 4 7 7 5 11 6 11 6 10 10 11 8 4 10 8 6 6 12 7 5 7 4 5 6 4 6 9 7 8 3 7 12 10 8 4 11 7 6 8 8 6 7 8 7 3 10 6 11 6 9 9 6 8 8 8 7 12 6 5 8 7 7 6 5 11 6 7 6 7 8 7 7 4 11 6 11 6 8 4 3
96
3 4 25 26 14 17 27 28
0 6 38 39 29 26 25 40
1 4 47 48 41 39 38 49
0 8 14 15 0 5 16 17
1 3 29 30 18 15 14 26
4 8 41 42 31 30 29 39
2 10 50 51 43 42 41 48
5 0 0 1 2 3 4 5
2 5 18 19 6 1 0 15
0 11 31 32 20 19 18 30
3 10 43 44 33 32 31 42
2 3 52 53 45 44 43 51
3 6 6 7 8 9 2 1
4 2 20 21 10 7 6 19
1 12 33 34 22 21 20 32
4 11 45 46 35 34 33 44
2 9 10 11 12 13 8 7
3 5 22 23 24 11 10 21
0 9 35 36 37 23 22 34
C0 2 12 13
C1 2 27 28
C2 2 35 36
C3 2 4 5
C4 2 16 17
C31 8 23 37 38 49 2 9 45 53
5 9 3 9 6 5 6 9 7 5 5 3 9 10 5 7 5 6 8 7 8 3 7 7 6 12 9 7 5 2 9 7 7 9 10 7 7 6 6 6 3 5 9 5 3 8 5 10 10 7 9 4 11 7 4 2 7 9 8 11 11 6 5 10 7 7 7 8 4 4 4 11 6 6 7 6 7 6 9 6 8 7 8 8 7 5 10 7 4 9 2 8 6 5 4 10
