5
96
2 10 25 26 14 17 27 28
3 9 38 39 29 26 25 40
2 3 47 48 41 39 38 49
4 11 14 15 0 5 16 17
3 2 29 30 18 15 14 26
4 5 41 42 31 30 29 39
2 5 50 51 43 42 41 48
1 9 0 1 2 3 4 5
0 6 18 19 6 1 0 15
4 6 31 32 20 19 18 30
3 4 43 44 33 32 31 42
3 10 52 53 45 44 43 51
2 8 6 7 8 9 2 1
0 4 20 21 10 7 6 19
1 3 33 34 22 21 20 32
1 11 45 46 35 34 33 44
5 0 10 11 12 13 8 7
0 8 22 23 24 11 10 21
4 12 35 36 37 23 22 34
C0 0
C1 0
C2 0
C3 0
C4 0
C31 0
7 8 6 7 8 5 6 5 6 11 6 7 7 9 7 11 5 5 6 7 10 8 8 10 9 6 11 11 12 7 7 6 5 10 11 7 5 5 7 6 11 8 7 7 6 6 9 6 9 8 10 9 8 7 9 7 10 10 9 9 11 6 11 8 4 9 3 7 2 10 4 7 6 7 8 5 3 8 4 7 7 7 5 12 11 7 6 10 4 8 9 11 7 8 6 9
80
1 3 25 26 14 17 27 28
3 10 38 39 29 26 25 40
4 4 47 48 41 39 38 49
3 2 14 15 0 5 16 17
2 8 29 30 18 15 14 26
5 0 41 42 31 30 29 39
3 11 50 51 43 42 41 48
0 9 0 1 2 3 4 5
4 12 18 19 6 1 0 15
1 5 31 32 20 19 18 30
4 8 43 44 33 32 31 42
4 9 52 53 45 44 43 51
0 4 6 7 8 9 2 1
2 10 20 21 10 7 6 19
2 6 33 34 22 21 20 32
0 6 45 46 35 34 33 44
2 5 10 11 12 13 8 7
1 11 22 23 24 11 10 21
1 3 35 36 37 23 22 34
C0 0
C1 0
C2 0
C3 0
C4 0
C31 0
10 3 6 7 6 10 5 4 5 4 11 8 7 7 9 6 8 7 4 6 10 4 5 6 12 4 8 9 3 6 12 5 5 7 2 3 8 9 11 4 4 5 12 7 11 9 3 6 6 8 12 8 3 4 6 5 8 10 6 4 7 6 6 8 7 10 8 6 3 4 9 7 8 10 7 2 6 6 5 9
80
4 2 25 26 14 17 27 28
0 10 38 39 29 26 25 40
4 3 47 48 41 39 38 49
3 8 14 15 0 5 16 17
1 5 29 30 18 15 14 26
5 0 41 42 31 30 29 39
3 3 50 51 43 42 41 48
0 5 0 1 2 3 4 5
0 12 18 19 6 1 0 15
3 4 31 32 20 19 18 30
2 9 43 44 33 32 31 42
2 10 52 53 45 44 43 51
1 6 6 7 8 9 2 1
3 11 20 21 10 7 6 19
1 11 33 34 22 21 20 32
4 9 45 46 35 34 33 44
1 4 10 11 12 13 8 7
2 8 22 23 24 11 10 21
4 6 35 36 37 23 22 34
C0 0
C1 0
C2 0
C3 0
C4 0
C31 0
7 7 10 7 10 6 7 11 4 10 4 6 8 6 7 7 10 3 8 6 5 9 7 8 4 9 6 8 7 9 5 11 3 8 7 4 11 5 10 6 7 10 7 7 6 8 4 11 8 8 11 8 6 3 5 7 10 9 12 9 2 11 9 12 11 3 4 6 6 11 7 5 4 6 9 10 2 9 8 4
114
0 8 25 26 14 17 27 28
3 5 38 39 29 26 25 40
1 12 47 48 41 39 38 49
1 10 14 15 0 5 16 17
3 8 29 30 18 15 14 26
4 10 41 42 31 30 29 39
1 4 50 51 43 42 41 48
4 3 0 1 2 3 4 5
1 3 18 19 6 1 0 15
3 6 31 32 20 19 18 30
5 0 43 44 33 32 31 42
2 9 52 53 45 44 43 51
0 4 6 7 8 9 2 1
4 9 20 21 10 7 6 19
4 2 33 34 22 21 20 32
2 5 45 46 35 34 33 44
0 11 10 11 12 13 8 7
3 11 22 23 24 11 10 21
2 6 35 36 37 23 22 34
C0 0
C1 0
C2 0
C3 0
C4 0
C31 0
9 7 7 6 7 10 7 12 6 8 10 2 7 7 5 3 7 11 7 7 10 4 6 4 5 8 5 8 4 11 11 4 6 5 6 9 7 7 8 10 7 8 6 4 11 9 7 3 3 6 5 2 6 10 10 6 7 3 9 3 7 6 5 9 7 7 10 7 5 6 3 9 5 6 6 12 10 9 10 8 7 4 7 7 10 8 10 9 9 4 8 12 5 2 9 10 9 3 5 10 4 4 3 6 11 11 2 4 6 9 8 9 10 12
109
2 10 25 26 14 17 27 28
4 5 38 39 29 26 25 40
0 8 47 48 41 39 38 49
1 6 14 15 0 5 16 17
3 2 29 30 18 15 14 26
1 3 41 42 31 30 29 39
4 4 50 51 43 42 41 48
3 8 0 1 2 3 4 5
3 4 18 19 6 1 0 15
2 9 31 32 20 19 18 30
2 6 43 44 33 32 31 42
4 11 52 53 45 44 43 51
0 3 6 7 8 9 2 1
5 0 20 21 10 7 6 19
3 9 33 34 22 21 20 32
2 12 45 46 35 34 33 44
0 11 10 11 12 13 8 7
4 10 22 23 24 11 10 21
1 5 35 36 37 23 22 34
C0 0
C1 0
C2 0
C3 0
C4 0
C31 0
3 10 7 11 6 10 10 7 7 6 7 9 9 4 5 11 8 11 7 3 8 11 7 5 9 7 8 10 10 7 11 6 8 7 4 12 4 11 9 6 12 6 3 7 9 8 11 7 7 7 7 7 7 10 3 5 8 8 9 9 4 8 11 10 9 8 8 4 4 7 7 8 8 6 6 8 8 6 3 8 5 3 8 9 8 12 7 3 5 5 3 11 4 7 8 2 4 4 12 6 9 7 7 9 2 5 11 6 7
