8
116
1 8 25 26 14 17 27 28
1 9 38 39 29 26 25 40
1 4 47 48 41 39 38 49
1 6 14 15 0 5 16 17
1 9 29 30 18 15 14 26
0 11 41 42 31 30 29 39
5 0 50 51 43 42 41 48
2 3 0 1 2 3 4 5
1 5 18 19 6 1 0 15
4 10 31 32 20 19 18 30
1 6 43 44 33 32 31 42
4 10 52 53 45 44 43 51
3 2 6 7 8 9 2 1
3 3 20 21 10 7 6 19
1 4 33 34 22 21 20 32
4 11 45 46 35 34 33 44
0 12 10 11 12 13 8 7
1 8 22 23 24 11 10 21
1 5 35 36 37 23 22 34
C0 2 52 53
C1 2 11 12
C2 2 35 36
C3 2 47 49
C4 2 25 28
C31 8 23 24 45 46 17 27 48 50
7 7 5 7 5 8 7 6 8 10 8 3 3 10 8 9 9 9 3 8 8 12 4 6 7 5 12 7 5 4 8 11 8 3 4 4 10 5 7 8 6 12 11 5 12 12 8 8 6 7 7 8 6 10 9 4 7 8 6 11 8 9 7 9 7 8 5 5 8 6 7 8 7 8 6 5 8 5 9 10 12 8 3 8 6 6 2 2 9 8 8 8 11 5 4 4 10 5 4 8 6 8 8 8 7 3 6 8 4 6 10 5 6 9 7 5
78
1 11 25 26 14 17 27 28
2 8 38 39 29 26 25 40
0 3 47 48 41 39 38 49
4 10 14 15 0 5 16 17
2 4 29 30 18 15 14 26
2 6 41 42 31 30 29 39
2 9 50 51 43 42 41 48
0 2 0 1 2 3 4 5
2 5 18 19 6 1 0 15
2 9 31 32 20 19 18 30
1 10 43 44 33 32 31 42
2 8 52 53 45 44 43 51
2 6 6 7 8 9 2 1
5 0 20 21 10 7 6 19
2 5 33 34 22 21 20 32
4 3 45 46 35 34 33 44
2 4 10 11 12 13 8 7
3 11 22 23 24 11 10 21
3 12 35 36 37 23 22 34
C0 2 5 16
C1 2 25 28
C2 2 17 27
C3 2 11 12
C4 2 2 9
C31 8 52 53 38 40 48 50 23 24
12 9 9 6 7 5 5 7 8 7 7 5 6 7 3 4 7 5 10 4 4 7 3 4 12 10 5 4 8 10 6 4 8 8 12 8 6 7 3 3 9 4 4 6 6 6 9 2 5 12 12 12 6 5 10 5 9 11 6 6 8 8 8 9 12 9 7 8 10 9 10 2 5 2 12 9 7 8
103
2 9 25 26 14 17 27 28
1 10 38 39 29 26 25 40
2 8 47 48 41 39 38 49
1 2 14 15 0 5 16 17
2 6 29 30 18 15 14 26
2 5 41 42 31 30 29 39
2 6 50 51 43 42 41 48
2 4 0 1 2 3 4 5
4 3 18 19 6 1 0 15
5 0 31 32 20 19 18 30
3 11 43 44 33 32 31 42
2 9 52 53 45 44 43 51
2 8 6 7 8 9 2 1
3 3 20 21 10 7 6 19
1 4 33 34 22 21 20 32
2 5 45 46 35 34 33 44
1 11 10 11 12 13 8 7
3 12 22 23 24 11 10 21
0 10 35 36 37 23 22 34
C0 2 3 4
C1 2 50 51
C2 2 12 13
C3 2 23 37
C4 2 47 49
C31 8 8 9 5 16 38 40 52 53
7 8 5 7 5 4 9 7 6 5 6 10 6 7 4 6 5 11 2 11 7 9 5 7 3 3 7 6 4 7 8 5 11 5 5 6 6 4 8 7 7 7 7 10 8 10 9 5 8 2 7 11 7 8 10 3 11 7 8 6 4 8 9 10 8 10 7 7 5 5 7 2 9 4 10 6 10 7 12 8 7 11 10 7 6 3 7 6 7 6 10 11 7 6 8 5 7 10 8 6 9 5 4
79
0 2 25 26 14 17 27 28
4 8 38 39 29 26 25 40
4 4 47 48 41 39 38 49
0 10 14 15 0 5 16 17
2 12 29 30 18 15 14 26
2 11 41 42 31 30 29 39
1 3 50 51 43 42 41 48
0 3 0 1 2 3 4 5
5 0 18 19 6 1 0 15
4 9 31 32 20 19 18 30
3 11 43 44 33 32 31 42
4 5 52 53 45 44 43 51
4 8 6 7 8 9 2 1
0 10 20 21 10 7 6 19
4 5 33 34 22 21 20 32
4 9 45 46 35 34 33 44
4 6 10 11 12 13 8 7
4 6 22 23 24 11 10 21
4 4 35 36 37 23 22 34
C0 2 23 37
C1 2 11 24
C2 2 8 9
C3 2 35 36
C4 2 38 49
C31 8 12 13 51 52 47 48 17 27
3 9 6 6 6 6 8 3 9 4 4 4 9 11 7 6 7 6 8 7 7 8 6 10 6 9 6 9 8 9 9 12 6 8 9 12 6 4 10 5 3 7 9 7 5 9 9 10 5 7 7 7 8 8 9 6 3 9 5 8 12 4 9 6 6 7 7 10 6 12 5 7 10 5 9 10 12 7 8
115
3 11 25 26 14 17 27 28
0 8 38 39 29 26 25 40
5 0 47 48 41 39 38 49
2 10 14 15 0 5 16 17
0 5 29 30 18 15 14 26
4 4 41 42 31 30 29 39
0 8 50 51 43 42 41 48
1 10 0 1 2 3 4 5
1 11 18 19 6 1 0 15
0 6 31 32 20 19 18 30
0 6 43 44 33 32 31 42
2 4 52 53 45 44 43 51
4 3 6 7 8 9 2 1
0 5 20 21 10 7 6 19
3 12 33 34 22 21 20 32
2 3 45 46 35 34 33 44
2 2 10 11 12 13 8 7
0 9 22 23 24 11 10 21
0 9 35 36 37 23 22 34
C0 2 52 53
C1 2 8 9
C2 2 23 24
C3 2 2 3
C4 2 17 27
C31 8 11 12 38 40 35 36 47 48
3 7 8 6 3 5 5 9 8 8 3 7 8 10 7 7 7 2 9 3 9 5 8 6 9 12 7 6 6 7 8 5 7 7 7 6 9 3 6 9 10 5 8 6 2 6 9 6 7 4 7 8 5 5 7 7 6 7 10 6 12 6 7 8 7 6 8 3 5 12 10 3 9 6 7 7 9 6 12 11 9 9 2 6 7 6 6 2 10 10 7 7 6 12 3 7 5 10 3 9 5 11 11 10 5 5 9 10 7 8 6 6 9 9 7
115
1 11 25 26 14 17 27 28
0 8 38 39 29 26 25 40
0 6 47 48 41 39 38 49
0 4 14 15 0 5 16 17
5 0 29 30 18 15 14 26
2 10 41 42 31 30 29 39
0 6 50 51 43 42 41 48
0 9 0 1 2 3 4 5
0 5 18 19 6 1 0 15
0 9 31 32 20 19 18 30
0 5 43 44 33 32 31 42
3 12 52 53 45 44 43 51
2 3 6 7 8 9 2 1
0 8 20 21 10 7 6 19
4 2 33 34 22 21 20 32
3 10 45 46 35 34 33 44
3 3 10 11 12 13 8 7
4 11 22 23 24 11 10 21
0 4 35 36 37 23 22 34
C0 2 12 13
C1 2 51 52
C2 2 23 37
C3 2 48 50
C4 2 2 3
C31 8 8 9 38 40 45 46 27 28
8 6 8 3 3 8 2 2 5 4 5 5 9 8 5 5 6 9 5 3 7 3 9 6 6 8 10 5 4 6 10 6 8 6 12 8 8 3 8 6 6 8 9 9 10 7 7 8 8 8 7 7 7 10 6 4 3 4 4 12 9 9 12 8 10 6 5 9 5 3 6 11 5 6 7 7 8 11 5 8 9 7 7 8 8 8 6 9 6 9 4 9 4 8 6 5 5 12 10 10 5 7 6 9 10 10 9 6 10 10 7 5 12 8 6
103
5 0 25 26 14 17 27 28
4 3 38 39 29 26 25 40
3 4 47 48 41 39 38 49
3 10 14 15 0 5 16 17
1 5 29 30 18 15 14 26
1 6 41 42 31 30 29 39
1 8 50 51 43 42 41 48
1 6 0 1 2 3 4 5
3 10 18 19 6 1 0 15
2 12 31 32 20 19 18 30
0 3 43 44 33 32 31 42
2 11 52 53 45 44 43 51
1 9 6 7 8 9 2 1
0 2 20 21 10 7 6 19
1 8 33 34 22 21 20 32
1 5 45 46 35 34 33 44
2 4 10 11 12 13 8 7
1 9 22 23 24 11 10 21
4 11 35 36 37 23 22 34
C0 2 16 17
C1 2 8 13
C2 2 48 50
C3 2 11 24
C4 2 3 4
C31 8 27 28 38 49 23 37 45 53
9 5 7 7 7 10 7 9 8 9 2 4 7 5 2 9 2 5 7 6 8 3 6 3 5 5 7 6 3 5 6 9 4 3 7 6 6 9 6 5 11 8 3 10 10 3 5 3 8 5 9 12 12 5 7 11 7 6 7 11 7 5 6 8 3 4 6 7 8 6 7 7 6 10 7 10 7 7 8 9 9 7 10 5 10 6 6 3 5 12 3 8 3 3 8 9 8 7 7 8 9 9 7
104
1 10 25 26 14 17 27 28
3 8 38 39 29 26 25 40
3 6 47 48 41 39 38 49
3 4 14 15 0 5 16 17
5 0 29 30 18 15 14 26
1 11 41 42 31 30 29 39
3 6 50 51 43 42 41 48
2 3 0 1 2 3 4 5
3 4 18 19 6 1 0 15
4 2 31 32 20 19 18 30
3 9 43 44 33 32 31 42
1 11 52 53 45 44 43 51
3 9 6 7 8 9 2 1
4 3 20 21 10 7 6 19
3 5 33 34 22 21 20 32
3 8 45 46 35 34 33 44
2 12 10 11 12 13 8 7
0 10 22 23 24 11 10 21
3 5 35 36 37 23 22 34
C0 2 35 46
C1 2 38 40
C2 2 27 28
C3 2 36 37
C4 2 50 51
C31 8 8 9 47 49 45 53 23 24
9 8 7 6 6 10 10 6 10 9 6 6 6 10 8 7 4 9 7 10 3 6 5 6 8 5 4 7 8 5 5 7 7 10 9 6 10 6 10 9 5 10 12 3 7 10 4 8 8 5 9 5 8 6 5 10 12 7 4 4 6 8 9 4 9 5 7 8 7 6 12 8 6 8 9 7 5 10 7 6 3 7 8 3 9 5 7 10 9 6 8 3 5 10 6 8 9 3 10 3 2 2 4 7
