24
31
4 6 25 26 14 17 27 28
3 2 38 39 29 26 25 40
2 8 47 48 41 39 38 49
4 3 14 15 0 5 16 17
3 11 29 30 18 15 14 26
1 11 41 42 31 30 29 39
3 4 50 51 43 42 41 48
1 10 0 1 2 3 4 5
1 10 18 19 6 1 0 15
2 3 31 32 20 19 18 30
0 12 43 44 33 32 31 42
3 6 52 53 45 44 43 51
0 5 6 7 8 9 2 1
0 5 20 21 10 7 6 19
4 9 33 34 22 21 20 32
2 4 45 46 35 34 33 44
0 8 10 11 12 13 8 7
5 0 22 23 24 11 10 21
2 9 35 36 37 23 22 34
C0 2 11 12
C1 2 2 3
C2 2 23 24
C3 2 36 37
C4 2 27 28
C31 8 51 52 47 48 4 5 38 40
6 3 6 6 10 8 6 6 4 6 10 8 10 5 7 10 11 8 10 7 9 6 5 8 3 4 8 7 5 10 10
45
3 6 25 26 14 17 27 28
4 10 38 39 29 26 25 40
0 10 47 48 41 39 38 49
3 8 14 15 0 5 16 17
2 11 29 30 18 15 14 26
4 6 41 42 31 30 29 39
0 9 50 51 43 42 41 48
0 3 0 1 2 3 4 5
4 9 18 19 6 1 0 15
0 12 31 32 20 19 18 30
2 5 43 44 33 32 31 42
2 8 52 53 45 44 43 51
3 2 6 7 8 9 2 1
1 4 20 21 10 7 6 19
1 3 33 34 22 21 20 32
1 5 45 46 35 34 33 44
3 11 10 11 12 13 8 7
5 0 22 23 24 11 10 21
2 4 35 36 37 23 22 34
C0 2 23 24
C1 2 35 46
C2 2 8 9
C3 2 2 3
C4 2 47 48
C31 8 11 12 36 37 17 27 50 51
5 8 2 3 9 8 6 5 8 6 7 11 10 11 6 4 10 6 4 7 5 7 3 5 9 7 3 8 9 9 8 8 8 7 3 10 7 7 9 11 7 6 5 9 9
38
0 6 25 26 14 17 27 28
0 5 38 39 29 26 25 40
2 11 47 48 41 39 38 49
4 4 14 15 0 5 16 17
2 6 29 30 18 15 14 26
0 5 41 42 31 30 29 39
0 2 50 51 43 42 41 48
3 10 0 1 2 3 4 5
3 11 18 19 6 1 0 15
2 3 31 32 20 19 18 30
1 10 43 44 33 32 31 42
1 4 52 53 45 44 43 51
5 0 6 7 8 9 2 1
3 3 20 21 10 7 6 19
4 8 33 34 22 21 20 32
4 8 45 46 35 34 33 44
2 9 10 11 12 13 8 7
3 12 22 23 24 11 10 21
1 9 35 36 37 23 22 34
C0 2 38 49
C1 2 25 28
C2 2 52 53
C3 2 23 37
C4 2 50 51
C31 8 5 16 8 13 2 3 35 46
8 6 2 5 9 5 5 5 10 8 8 9 4 2 5 6 6 9 3 9 7 11 8 7 6 4 9 8 3 10 4 9 8 4 12 3 5 7
50
3 9 25 26 14 17 27 28
2 8 38 39 29 26 25 40
2 12 47 48 41 39 38 49
3 10 14 15 0 5 16 17
3 2 29 30 18 15 14 26
4 10 41 42 31 30 29 39
4 5 50 51 43 42 41 48
0 8 0 1 2 3 4 5
1 4 18 19 6 1 0 15
4 4 31 32 20 19 18 30
2 3 43 44 33 32 31 42
0 9 52 53 45 44 43 51
1 11 6 7 8 9 2 1
0 11 20 21 10 7 6 19
1 6 33 34 22 21 20 32
0 6 45 46 35 34 33 44
2 5 10 11 12 13 8 7
3 3 22 23 24 11 10 21
5 0 35 36 37 23 22 34
C0 2 2 9
C1 2 36 37
C2 2 47 48
C3 2 51 52
C4 2 45 46
C31 8 11 12 38 49 23 24 17 27
9 8 5 3 5 4 8 8 10 3 5 7 6 9 8 7 5 8 6 9 12 11 7 9 7 5 6 7 7 4 4 11 5 8 7 10 8 8 10 5 7 4 7 5 8 7 9 6 12 5
37
2 10 25 26 14 17 27 28
1 8 38 39 29 26 25 40
0 10 47 48 41 39 38 49
4 6 14 15 0 5 16 17
4 4 29 30 18 15 14 26
1 6 41 42 31 30 29 39
3 4 50 51 43 42 41 48
0 5 0 1 2 3 4 5
2 5 18 19 6 1 0 15
0 11 31 32 20 19 18 30
0 8 43 44 33 32 31 42
3 9 52 53 45 44 43 51
3 12 6 7 8 9 2 1
2 3 20 21 10 7 6 19
4 9 33 34 22 21 20 32
5 0 45 46 35 34 33 44
2 11 10 11 12 13 8 7
1 3 22 23 24 11 10 21
3 2 35 36 37 23 22 34
C0 2 36 37
C1 2 16 17
C2 2 35 46
C3 2 11 12
C4 2 45 53
C31 8 8 13 25 28 48 50 38 40
3 2 3 7 4 8 5 6 5 7 6 7 8 7 9 5 7 7 4 9 5 8 11 4 6 6 5 12 5 9 7 6 6 3 12 10 5
49
0 11 25 26 14 17 27 28
3 10 38 39 29 26 25 40
0 11 47 48 41 39 38 49
1 6 14 15 0 5 16 17
3 4 29 30 18 15 14 26
2 10 41 42 31 30 29 39
1 4 50 51 43 42 41 48
4 3 0 1 2 3 4 5
2 12 18 19 6 1 0 15
1 9 31 32 20 19 18 30
4 3 43 44 33 32 31 42
2 6 52 53 45 44 43 51
2 8 6 7 8 9 2 1
4 2 20 21 10 7 6 19
0 5 33 34 22 21 20 32
3 5 45 46 35 34 33 44
3 9 10 11 12 13 8 7
5 0 22 23 24 11 10 21
0 8 35 36 37 23 22 34
C0 2 35 36
C1 2 25 28
C2 2 5 16
C3 2 2 9
C4 2 23 24
C31 8 47 48 17 27 3 4 45 53
3 4 2 9 5 4 6 5 7 11 7 11 9 7 7 12 5 5 7 8 8 3 10 8 9 7 9 9 11 7 12 10 8 6 8 6 10 2 10 3 7 7 3 7 11 6 8 10 5
31
0 10 25 26 14 17 27 28
0 9 38 39 29 26 25 40
2 11 47 48 41 39 38 49
1 6 14 15 0 5 16 17
5 0 29 30 18 15 14 26
2 4 41 42 31 30 29 39
0 3 50 51 43 42 41 48
2 12 0 1 2 3 4 5
1 4 18 19 6 1 0 15
1 11 31 32 20 19 18 30
3 5 43 44 33 32 31 42
4 8 52 53 45 44 43 51
3 8 6 7 8 9 2 1
3 3 20 21 10 7 6 19
4 9 33 34 22 21 20 32
2 10 45 46 35 34 33 44
3 5 10 11 12 13 8 7
4 6 22 23 24 11 10 21
0 2 35 36 37 23 22 34
C0 2 51 52
C1 2 16 17
C2 2 23 24
C3 2 36 37
C4 2 11 12
C31 8 27 28 2 9 3 4 35 46
7 9 5 11 7 7 5 9 3 7 8 2 10 3 5 8 6 6 11 8 11 7 11 3 5 7 9 7 8 9 8
37
2 5 25 26 14 17 27 28
0 3 38 39 29 26 25 40
5 0 47 48 41 39 38 49
1 9 14 15 0 5 16 17
2 5 29 30 18 15 14 26
4 10 41 42 31 30 29 39
3 6 50 51 43 42 41 48
0 6 0 1 2 3 4 5
2 2 18 19 6 1 0 15
3 3 31 32 20 19 18 30
3 11 43 44 33 32 31 42
1 8 52 53 45 44 43 51
3 4 6 7 8 9 2 1
2 4 20 21 10 7 6 19
4 10 33 34 22 21 20 32
0 12 45 46 35 34 33 44
0 11 10 11 12 13 8 7
1 8 22 23 24 11 10 21
4 9 35 36 37 23 22 34
C0 2 35 46
C1 2 2 3
C2 2 8 9
C3 2 47 49
C4 2 23 24
C31 8 45 53 11 12 38 40 48 50
4 5 8 7 5 8 9 3 8 7 9 10 4 9 2 9 7 4 5 6 7 4 10 9 9 8 8 10 10 3 5 7 7 5 3 7 11
38
2 9 25 26 14 17 27 28
2 6 38 39 29 26 25 40
3 12 47 48 41 39 38 49
1 6 14 15 0 5 16 17
4 8 29 30 18 15 14 26
3 4 41 42 31 30 29 39
5 0 50 51 43 42 41 48
0 5 0 1 2 3 4 5
2 3 18 19 6 1 0 15
1 9 31 32 20 19 18 30
4 11 43 44 33 32 31 42
2 11 52 53 45 44 43 51
4 10 6 7 8 9 2 1
0 2 20 21 10 7 6 19
3 5 33 34 22 21 20 32
1 10 45 46 35 34 33 44
3 3 10 11 12 13 8 7
0 4 22 23 24 11 10 21
0 8 35 36 37 23 22 34
C0 2 11 24
C1 2 4 5
C2 2 47 48
C3 2 50 51
C4 2 23 37
C31 8 25 40 52 53 8 9 45 46
3 8 9 9 7 7 4 4 9 9 5 6 7 9 7 5 8 9 7 5 8 8 6 9 7 9 3 6 5 7 3 10 8 11 8 6 10 12
37
0 4 25 26 14 17 27 28
3 12 38 39 29 26 25 40
2 2 47 48 41 39 38 49
5 0 14 15 0 5 16 17
0 3 29 30 18 15 14 26
3 5 41 42 31 30 29 39
3 5 50 51 43 42 41 48
2 10 0 1 2 3 4 5
2 6 18 19 6 1 0 15
1 10 31 32 20 19 18 30
4 8 43 44 33 32 31 42
0 9 52 53 45 44 43 51
1 3 6 7 8 9 2 1
4 9 20 21 10 7 6 19
3 11 33 34 22 21 20 32
0 4 45 46 35 34 33 44
2 11 10 11 12 13 8 7
4 8 22 23 24 11 10 21
1 6 35 36 37 23 22 34
C0 2 8 9
C1 2 16 17
C2 2 45 46
C3 2 25 40
C4 2 47 49
C31 8 11 12 51 52 2 3 23 37
6 5 8 10 7 5 6 4 7 7 5 7 6 7 2 5 6 6 4 4 7 5 3 12 6 8 5 5 3 9 5 7 3 9 4 7 6
40
2 6 25 26 14 17 27 28
3 3 38 39 29 26 25 40
4 2 47 48 41 39 38 49
0 11 14 15 0 5 16 17
0 9 29 30 18 15 14 26
0 8 41 42 31 30 29 39
1 8 50 51 43 42 41 48
1 12 0 1 2 3 4 5
0 6 18 19 6 1 0 15
2 5 31 32 20 19 18 30
3 9 43 44 33 32 31 42
3 4 52 53 45 44 43 51
3 5 6 7 8 9 2 1
4 10 20 21 10 7 6 19
4 10 33 34 22 21 20 32
2 11 45 46 35 34 33 44
2 4 10 11 12 13 8 7
1 3 22 23 24 11 10 21
5 0 35 36 37 23 22 34
C0 2 38 49
C1 2 48 50
C2 2 11 24
C3 2 2 3
C4 2 8 9
C31 8 52 53 23 37 35 46 16 17
9 10 10 10 8 9 5 10 7 7 4 8 6 8 3 9 8 7 8 6 4 11 7 5 4 4 2 7 4 11 9 7 6 11 9 6 5 7 10 7
37
3 6 25 26 14 17 27 28
0 11 38 39 29 26 25 40
2 3 47 48 41 39 38 49
4 10 14 15 0 5 16 17
2 12 29 30 18 15 14 26
2 4 41 42 31 30 29 39
3 8 50 51 43 42 41 48
3 3 0 1 2 3 4 5
0 2 18 19 6 1 0 15
1 4 31 32 20 19 18 30
4 5 43 44 33 32 31 42
3 11 52 53 45 44 43 51
0 8 6 7 8 9 2 1
0 10 20 21 10 7 6 19
2 9 33 34 22 21 20 32
1 6 45 46 35 34 33 44
1 5 10 11 12 13 8 7
5 0 22 23 24 11 10 21
4 9 35 36 37 23 22 34
C0 2 8 13
C1 2 27 28
C2 2 3 4
C3 2 52 53
C4 2 45 46
C31 8 2 9 38 49 35 36 25 40
6 8 6 4 8 5 9 8 3 7 9 6 9 8 5 9 4 9 5 10 6 8 9 8 10 5 7 3 8 8 4 6 7 8 7 7 4
37
2 9 25 26 14 17 27 28
1 4 38 39 29 26 25 40
5 0 47 48 41 39 38 49
1 10 14 15 0 5 16 17
0 2 29 30 18 15 14 26
2 3 41 42 31 30 29 39
3 8 50 51 43 42 41 48
0 5 0 1 2 3 4 5
0 8 18 19 6 1 0 15
3 11 31 32 20 19 18 30
1 4 43 44 33 32 31 42
4 5 52 53 45 44 43 51
3 12 6 7 8 9 2 1
4 6 20 21 10 7 6 19
3 11 33 34 22 21 20 32
4 6 45 46 35 34 33 44
0 10 10 11 12 13 8 7
2 3 22 23 24 11 10 21
2 9 35 36 37 23 22 34
C0 2 12 13
C1 2 50 51
C2 2 45 46
C3 2 2 3
C4 2 38 40
C31 8 23 37 17 27 11 24 47 49
6 4 8 6 8 6 3 7 7 8 5 6 7 7 11 8 6 8 7 5 2 7 7 5 5 10 3 8 9 4 9 6 4 5 5 8 7
50
0 2 25 26 14 17 27 28
1 4 38 39 29 26 25 40
3 10 47 48 41 39 38 49
0 8 14 15 0 5 16 17
2 10 29 30 18 15 14 26
4 8 41 42 31 30 29 39
2 11 50 51 43 42 41 48
3 5 0 1 2 3 4 5
2 4 18 19 6 1 0 15
3 3 31 32 20 19 18 30
0 9 43 44 33 32 31 42
5 0 52 53 45 44 43 51
1 6 6 7 8 9 2 1
2 9 20 21 10 7 6 19
3 5 33 34 22 21 20 32
4 6 45 46 35 34 33 44
0 12 10 11 12 13 8 7
4 11 22 23 24 11 10 21
1 3 35 36 37 23 22 34
C0 2 51 52
C1 2 23 24
C2 2 25 40
C3 2 11 12
C4 2 27 28
C31 8 16 17 47 49 4 5 45 46
6 7 9 5 7 12 4 7 6 7 7 8 7 12 4 4 4 11 7 5 3 7 9 12 4 4 7 8 11 10 8 6 4 5 6 7 7 7 8 8 8 8 11 11 6 9 10 9 5 8
33
0 6 25 26 14 17 27 28
1 4 38 39 29 26 25 40
4 8 47 48 41 39 38 49
1 10 14 15 0 5 16 17
0 9 29 30 18 15 14 26
0 11 41 42 31 30 29 39
3 9 50 51 43 42 41 48
3 10 0 1 2 3 4 5
5 0 18 19 6 1 0 15
3 12 31 32 20 19 18 30
3 11 43 44 33 32 31 42
4 5 52 53 45 44 43 51
1 8 6 7 8 9 2 1
2 6 20 21 10 7 6 19
2 2 33 34 22 21 20 32
0 5 45 46 35 34 33 44
4 4 10 11 12 13 8 7
2 3 22 23 24 11 10 21
2 3 35 36 37 23 22 34
C0 2 47 49
C1 2 11 12
C2 2 52 53
C3 2 38 40
C4 2 8 9
C31 8 35 46 27 28 48 50 5 16
7 6 3 7 11 9 9 7 5 10 3 4 4 6 9 7 6 8 10 10 7 9 6 7 7 7 8 10 2 6 6 7 6
48
1 10 25 26 14 17 27 28
0 3 38 39 29 26 25 40
1 11 47 48 41 39 38 49
3 6 14 15 0 5 16 17
2 5 29 30 18 15 14 26
3 11 41 42 31 30 29 39
4 8 50 51 43 42 41 48
1 2 0 1 2 3 4 5
4 12 18 19 6 1 0 15
2 9 31 32 20 19 18 30
0 4 43 44 33 32 31 42
3 3 52 53 45 44 43 51
3 4 6 7 8 9 2 1
2 5 20 21 10 7 6 19
2 6 33 34 22 21 20 32
5 0 45 46 35 34 33 44
4 8 10 11 12 13 8 7
0 9 22 23 24 11 10 21
0 10 35 36 37 23 22 34
C0 2 35 46
C1 2 23 37
C2 2 4 5
C3 2 2 3
C4 2 38 49
C31 8 27 28 52 53 16 17 47 48
6 8 5 7 5 5 10 4 7 6 6 2 6 9 10 11 8 8 10 6 4 6 6 8 6 3 11 2 3 4 5 2 7 5 11 6 4 5 8 7 7 3 9 8 6 5 7 5
43
0 2 25 26 14 17 27 28
2 10 38 39 29 26 25 40
4 6 47 48 41 39 38 49
2 8 14 15 0 5 16 17
4 6 29 30 18 15 14 26
5 0 41 42 31 30 29 39
0 9 50 51 43 42 41 48
2 11 0 1 2 3 4 5
1 3 18 19 6 1 0 15
4 4 31 32 20 19 18 30
0 5 43 44 33 32 31 42
1 11 52 53 45 44 43 51
3 8 6 7 8 9 2 1
3 4 20 21 10 7 6 19
0 10 33 34 22 21 20 32
3 9 45 46 35 34 33 44
1 12 10 11 12 13 8 7
3 5 22 23 24 11 10 21
2 3 35 36 37 23 22 34
C0 2 50 51
C1 2 35 46
C2 2 36 37
C3 2 47 48
C4 2 52 53
C31 8 2 3 17 27 23 24 25 40
9 7 10 4 11 5 7 4 9 4 6 9 8 2 10 12 4 8 10 7 7 8 5 10 6 3 7 3 6 4 6 5 7 11 10 10 10 4 9 7 10 9 11
37
0 2 25 26 14 17 27 28
0 6 38 39 29 26 25 40
0 5 47 48 41 39 38 49
3 4 14 15 0 5 16 17
1 3 29 30 18 15 14 26
0 4 41 42 31 30 29 39
4 3 50 51 43 42 41 48
2 9 0 1 2 3 4 5
3 11 18 19 6 1 0 15
1 8 31 32 20 19 18 30
4 11 43 44 33 32 31 42
3 8 52 53 45 44 43 51
4 10 6 7 8 9 2 1
5 0 20 21 10 7 6 19
2 10 33 34 22 21 20 32
2 5 45 46 35 34 33 44
2 12 10 11 12 13 8 7
1 9 22 23 24 11 10 21
3 6 35 36 37 23 22 34
C0 2 5 16
C1 2 3 4
C2 2 47 48
C3 2 35 36
C4 2 50 51
C31 8 27 28 11 12 38 40 23 37
10 6 10 5 3 5 9 6 8 5 5 6 6 7 9 11 6 8 3 10 9 6 7 5 6 8 8 4 5 7 4 6 9 7 6 7 11
30
3 5 25 26 14 17 27 28
0 4 38 39 29 26 25 40
1 8 47 48 41 39 38 49
1 8 14 15 0 5 16 17
4 5 29 30 18 15 14 26
2 2 41 42 31 30 29 39
0 9 50 51 43 42 41 48
0 6 0 1 2 3 4 5
2 11 18 19 6 1 0 15
4 6 31 32 20 19 18 30
0 12 43 44 33 32 31 42
1 11 52 53 45 44 43 51
2 3 6 7 8 9 2 1
5 0 20 21 10 7 6 19
3 3 33 34 22 21 20 32
3 10 45 46 35 34 33 44
4 4 10 11 12 13 8 7
2 10 22 23 24 11 10 21
3 9 35 36 37 23 22 34
C0 2 8 9
C1 2 12 13
C2 2 47 48
C3 2 17 27
C4 2 25 28
C31 8 35 36 23 24 38 49 4 5
6 2 7 8 7 4 5 11 6 8 6 8 7 8 6 7 7 11 8 6 7 9 7 6 10 3 4 11 4 6
35
0 5 25 26 14 17 27 28
4 4 38 39 29 26 25 40
0 6 47 48 41 39 38 49
3 9 14 15 0 5 16 17
3 5 29 30 18 15 14 26
2 6 41 42 31 30 29 39
4 3 50 51 43 42 41 48
2 4 0 1 2 3 4 5
1 9 18 19 6 1 0 15
2 11 31 32 20 19 18 30
3 10 43 44 33 32 31 42
2 3 52 53 45 44 43 51
4 8 6 7 8 9 2 1
1 12 20 21 10 7 6 19
0 8 33 34 22 21 20 32
3 2 45 46 35 34 33 44
0 11 10 11 12 13 8 7
5 0 22 23 24 11 10 21
1 10 35 36 37 23 22 34
C0 2 16 17
C1 2 12 13
C2 2 23 24
C3 2 2 9
C4 2 35 46
C31 8 52 53 25 28 50 51 38 49
6 11 8 8 6 8 8 5 9 6 5 9 12 11 2 8 7 6 4 3 9 10 8 11 8 6 7 5 7 11 6 11 8 5 11
33
2 6 25 26 14 17 27 28
2 4 38 39 29 26 25 40
4 5 47 48 41 39 38 49
4 5 14 15 0 5 16 17
3 11 29 30 18 15 14 26
2 8 41 42 31 30 29 39
0 9 50 51 43 42 41 48
3 8 0 1 2 3 4 5
3 12 18 19 6 1 0 15
0 4 31 32 20 19 18 30
0 11 43 44 33 32 31 42
4 6 52 53 45 44 43 51
1 10 6 7 8 9 2 1
1 2 20 21 10 7 6 19
0 10 33 34 22 21 20 32
5 0 45 46 35 34 33 44
2 3 10 11 12 13 8 7
1 3 22 23 24 11 10 21
3 9 35 36 37 23 22 34
C0 2 50 51
C1 2 8 9
C2 2 12 13
C3 2 52 53
C4 2 27 28
C31 8 35 36 3 4 38 40 23 24
4 9 4 8 6 12 8 6 8 5 5 4 7 7 10 7 7 9 7 11 8 10 7 6 2 2 9 6 4 6 5 2 6
40
0 8 25 26 14 17 27 28
2 10 38 39 29 26 25 40
3 8 47 48 41 39 38 49
5 0 14 15 0 5 16 17
3 4 29 30 18 15 14 26
2 6 41 42 31 30 29 39
4 10 50 51 43 42 41 48
2 11 0 1 2 3 4 5
1 11 18 19 6 1 0 15
0 3 31 32 20 19 18 30
0 4 43 44 33 32 31 42
0 3 52 53 45 44 43 51
2 12 6 7 8 9 2 1
3 2 20 21 10 7 6 19
3 9 33 34 22 21 20 32
1 6 45 46 35 34 33 44
4 5 10 11 12 13 8 7
4 9 22 23 24 11 10 21
1 5 35 36 37 23 22 34
C0 2 25 28
C1 2 17 27
C2 2 38 40
C3 2 51 52
C4 2 45 46
C31 8 4 5 12 13 23 37 2 3
9 8 12 7 2 3 9 7 2 8 6 5 3 7 12 6 6 10 6 5 9 7 11 2 6 6 4 5 6 3 2 7 11 5 6 10 9 9 4 8
37
4 5 25 26 14 17 27 28
0 11 38 39 29 26 25 40
0 10 47 48 41 39 38 49
2 4 14 15 0 5 16 17
4 4 29 30 18 15 14 26
0 3 41 42 31 30 29 39
3 8 50 51 43 42 41 48
2 12 0 1 2 3 4 5
2 5 18 19 6 1 0 15
5 0 31 32 20 19 18 30
1 10 43 44 33 32 31 42
3 11 52 53 45 44 43 51
0 2 6 7 8 9 2 1
4 3 20 21 10 7 6 19
1 9 33 34 22 21 20 32
3 9 45 46 35 34 33 44
2 8 10 11 12 13 8 7
1 6 22 23 24 11 10 21
3 6 35 36 37 23 22 34
C0 2 36 37
C1 2 45 46
C2 2 17 27
C3 2 47 49
C4 2 23 24
C31 8 2 9 48 50 11 12 38 40
11 9 10 4 3 7 7 9 9 6 9 7 10 5 10 7 8 12 3 8 8 11 9 4 10 4 8 7 5 2 4 7 9 10 3 5 11
47
0 10 25 26 14 17 27 28
4 6 38 39 29 26 25 40
0 8 47 48 41 39 38 49
2 5 14 15 0 5 16 17
1 9 29 30 18 15 14 26
0 2 41 42 31 30 29 39
5 0 50 51 43 42 41 48
4 3 0 1 2 3 4 5
3 5 18 19 6 1 0 15
2 6 31 32 20 19 18 30
4 11 43 44 33 32 31 42
1 9 52 53 45 44 43 51
2 11 6 7 8 9 2 1
2 4 20 21 10 7 6 19
3 10 33 34 22 21 20 32
3 12 45 46 35 34 33 44
1 8 10 11 12 13 8 7
3 4 22 23 24 11 10 21
0 3 35 36 37 23 22 34
C0 2 5 16
C1 2 45 53
C2 2 47 48
C3 2 27 28
C4 2 38 49
C31 8 36 37 25 40 8 13 2 9
7 7 11 5 8 9 8 2 9 6 5 7 7 7 4 10 9 3 7 4 7 7 5 6 6 5 6 5 7 3 7 8 4 5 7 4 7 4 7 12 4 7 8 5 8 11 7
