6
92
1 8 25 26 14 17 27 28
3 10 38 39 29 26 25 40
2 4 47 48 41 39 38 49
1 3 14 15 0 5 16 17
1 11 29 30 18 15 14 26
2 3 41 42 31 30 29 39
1 6 50 51 43 42 41 48
1 10 0 1 2 3 4 5
0 4 18 19 6 1 0 15
0 8 31 32 20 19 18 30
0 11 43 44 33 32 31 42
0 12 52 53 45 44 43 51
3 5 6 7 8 9 2 1
5 0 20 21 10 7 6 19
3 9 33 34 22 21 20 32
0 2 45 46 35 34 33 44
3 5 10 11 12 13 8 7
2 9 22 23 24 11 10 21
2 6 35 36 37 23 22 34
C0 2 11 12
C1 2 45 46
C2 2 27 28
C3 2 8 9
C4 2 47 49
C31 8 25 40 50 51 23 37 16 17
9 4 4 10 7 12 5 8 9 11 7 11 5 5 8 10 7 5 8 7 12 5 7 9 10 8 10 9 6 8 4 3 7 8 5 8 5 6 6 12 7 7 8 7 5 3 6 7 9 7 6 9 8 9 11 6 6 10 9 7 11 6 7 6 7 10 7 6 10 7 6 7 9 4 9 6 7 5 5 5 7 3 7 5 5 3 6 5 8 7 8 9
101
0 2 25 26 14 17 27 28
1 6 38 39 29 26 25 40
1 4 47 48 41 39 38 49
1 8 14 15 0 5 16 17
0 5 29 30 18 15 14 26
5 0 41 42 31 30 29 39
4 5 50 51 43 42 41 48
2 4 0 1 2 3 4 5
2 11 18 19 6 1 0 15
4 10 31 32 20 19 18 30
2 11 43 44 33 32 31 42
4 10 52 53 45 44 43 51
1 12 6 7 8 9 2 1
0 3 20 21 10 7 6 19
4 9 33 34 22 21 20 32
0 9 45 46 35 34 33 44
2 3 10 11 12 13 8 7
2 8 22 23 24 11 10 21
1 6 35 36 37 23 22 34
C0 2 25 28
C1 2 47 49
C2 2 45 46
C3 2 38 40
C4 2 4 5
C31 8 50 51 23 24 17 27 12 13
10 8 6 7 3 4 9 4 7 7 7 7 5 10 9 6 7 7 11 5 5 9 6 3 5 5 6 8 9 5 8 5 4 3 6 5 7 11 11 8 3 8 4 9 6 7 5 7 7 6 8 10 8 4 8 5 4 4 10 10 7 9 7 11 4 9 6 6 10 12 6 7 8 9 12 10 10 3 8 12 5 5 4 8 6 7 7 6 11 6 10 12 10 12 7 7 9 5 7 8 7
108
4 5 25 26 14 17 27 28
3 12 38 39 29 26 25 40
0 8 47 48 41 39 38 49
5 0 14 15 0 5 16 17
3 11 29 30 18 15 14 26
0 4 41 42 31 30 29 39
0 9 50 51 43 42 41 48
4 2 0 1 2 3 4 5
0 10 18 19 6 1 0 15
1 5 31 32 20 19 18 30
3 6 43 44 33 32 31 42
1 3 52 53 45 44 43 51
1 3 6 7 8 9 2 1
3 4 20 21 10 7 6 19
4 9 33 34 22 21 20 32
4 6 45 46 35 34 33 44
0 8 10 11 12 13 8 7
4 11 22 23 24 11 10 21
1 10 35 36 37 23 22 34
C0 2 35 36
C1 2 5 16
C2 2 50 51
C3 2 45 53
C4 2 23 24
C31 8 11 12 17 27 25 28 38 49
9 7 7 7 5 6 9 7 3 6 3 2 9 10 10 8 8 7 10 5 10 9 8 8 9 6 9 6 6 2 5 8 6 8 12 9 5 10 5 6 5 7 8 8 8 6 7 2 6 8 6 4 6 7 7 8 5 6 9 11 9 9 6 8 8 7 6 6 5 6 2 7 6 10 6 4 6 8 10 5 9 9 11 9 5 9 6 10 10 5 10 9 5 8 3 5 11 11 9 8 7 2 7 7 9 8 2 6
92
4 6 25 26 14 17 27 28
5 0 38 39 29 26 25 40
4 3 47 48 41 39 38 49
2 4 14 15 0 5 16 17
2 5 29 30 18 15 14 26
4 8 41 42 31 30 29 39
1 2 50 51 43 42 41 48
1 11 0 1 2 3 4 5
3 10 18 19 6 1 0 15
3 8 31 32 20 19 18 30
1 5 43 44 33 32 31 42
1 10 52 53 45 44 43 51
2 3 6 7 8 9 2 1
1 9 20 21 10 7 6 19
3 12 33 34 22 21 20 32
3 4 45 46 35 34 33 44
2 9 10 11 12 13 8 7
4 6 22 23 24 11 10 21
4 11 35 36 37 23 22 34
C0 2 52 53
C1 2 47 48
C2 2 45 46
C3 2 11 24
C4 2 38 49
C31 8 25 40 35 36 16 17 4 5
5 11 8 2 10 10 8 11 5 4 6 6 8 8 3 3 4 11 7 3 8 11 8 7 7 6 6 11 5 4 9 11 9 4 7 4 2 8 10 7 9 4 8 5 8 6 8 10 3 2 8 8 6 5 5 11 6 8 8 5 6 5 3 9 4 10 10 4 7 10 8 8 11 8 7 3 5 8 7 9 6 10 6 9 5 6 7 12 8 7 3 12
93
4 8 25 26 14 17 27 28
0 2 38 39 29 26 25 40
3 6 47 48 41 39 38 49
2 4 14 15 0 5 16 17
2 12 29 30 18 15 14 26
2 4 41 42 31 30 29 39
0 9 50 51 43 42 41 48
2 11 0 1 2 3 4 5
0 3 18 19 6 1 0 15
0 11 31 32 20 19 18 30
4 5 43 44 33 32 31 42
5 0 52 53 45 44 43 51
4 9 6 7 8 9 2 1
3 6 20 21 10 7 6 19
4 8 33 34 22 21 20 32
3 10 45 46 35 34 33 44
4 3 10 11 12 13 8 7
2 5 22 23 24 11 10 21
3 10 35 36 37 23 22 34
C0 2 5 16
C1 2 23 24
C2 2 45 53
C3 2 17 27
C4 2 47 48
C31 8 51 52 8 9 38 49 2 3
5 7 7 9 3 6 5 7 7 7 6 8 7 9 5 9 8 9 11 8 6 8 9 6 11 8 9 11 7 10 5 5 7 9 6 11 11 8 7 4 8 7 5 2 8 7 7 9 12 7 11 4 12 6 6 10 4 4 9 8 8 7 9 6 6 8 8 7 9 6 5 4 8 5 4 7 6 8 5 8 5 4 4 10 7 5 4 3 10 9 4 6 9
84
3 8 25 26 14 17 27 28
4 3 38 39 29 26 25 40
2 10 47 48 41 39 38 49
2 5 14 15 0 5 16 17
3 4 29 30 18 15 14 26
1 9 41 42 31 30 29 39
2 3 50 51 43 42 41 48
4 6 0 1 2 3 4 5
3 10 18 19 6 1 0 15
2 6 31 32 20 19 18 30
1 11 43 44 33 32 31 42
4 5 52 53 45 44 43 51
1 9 6 7 8 9 2 1
1 12 20 21 10 7 6 19
4 11 33 34 22 21 20 32
5 0 45 46 35 34 33 44
1 4 10 11 12 13 8 7
4 8 22 23 24 11 10 21
3 2 35 36 37 23 22 34
C0 2 47 48
C1 2 23 37
C2 2 35 36
C3 2 50 51
C4 2 3 4
C31 8 25 40 45 53 12 13 8 9
4 6 4 7 8 6 7 10 10 5 4 8 8 5 6 10 6 6 11 2 8 8 6 8 3 6 9 10 5 7 7 10 8 6 8 12 4 4 7 8 9 4 7 3 9 11 5 6 7 7 6 9 6 6 4 9 10 6 5 8 9 2 5 8 11 3 11 8 4 2 7 3 4 11 8 6 8 7 7 8 7 4 7 9
