5
105
3 3 25 26 14 17 27 28
4 2 38 39 29 26 25 40
2 5 47 48 41 39 38 49
5 0 14 15 0 5 16 17
3 11 29 30 18 15 14 26
4 4 41 42 31 30 29 39
0 6 50 51 43 42 41 48
1 5 0 1 2 3 4 5
4 3 18 19 6 1 0 15
1 9 31 32 20 19 18 30
3 12 43 44 33 32 31 42
3 10 52 53 45 44 43 51
4 11 6 7 8 9 2 1
2 6 20 21 10 7 6 19
0 4 33 34 22 21 20 32
1 9 45 46 35 34 33 44
3 10 10 11 12 13 8 7
1 8 22 23 24 11 10 21
0 8 35 36 37 23 22 34
C0 2 48 50
C1 2 45 46
C2 2 38 49
C3 2 5 16
C4 2 12 13
C31 8 17 27 52 53 25 40 23 24
2 4 2 6 4 4 4 6 9 6 6 8 7 5 11 10 9 10 6 6 3 4 7 8 11 8 8 6 9 8 10 6 6 9 7 3 5 8 7 9 8 10 3 8 5 7 3 9 4 3 4 4 7 6 9 2 6 8 10 11 2 5 9 9 11 9 6 11 4 2 3 7 9 3 5 8 7 12 7 10 7 10 7 10 6 9 9 3 12 6 5 9 7 8 5 9 4 7 5 7 10 8 9 9 9
85
1 5 25 26 14 17 27 28
4 10 38 39 29 26 25 40
0 9 47 48 41 39 38 49
0 6 14 15 0 5 16 17
1 9 29 30 18 15 14 26
4 4 41 42 31 30 29 39
5 0 50 51 43 42 41 48
3 11 0 1 2 3 4 5
0 8 18 19 6 1 0 15
0 8 31 32 20 19 18 30
4 3 43 44 33 32 31 42
3 12 52 53 45 44 43 51
3 3 6 7 8 9 2 1
3 10 20 21 10 7 6 19
0 5 33 34 22 21 20 32
3 4 45 46 35 34 33 44
3 11 10 11 12 13 8 7
2 6 22 23 24 11 10 21
4 2 35 36 37 23 22 34
C0 2 25 28
C1 2 51 52
C2 2 2 3
C3 2 35 46
C4 2 47 48
C31 8 4 5 17 27 8 9 11 24
9 6 8 6 8 8 4 9 9 10 4 10 5 8 2 10 4 11 6 5 9 4 9 8 9 2 5 3 8 5 5 4 8 9 12 7 3 7 9 8 6 7 5 8 9 4 5 2 7 8 9 7 11 7 6 9 7 7 8 11 10 12 8 8 9 9 8 5 6 4 5 5 7 10 5 5 8 7 10 7 7 9 6 5 8
103
3 10 25 26 14 17 27 28
4 4 38 39 29 26 25 40
1 5 47 48 41 39 38 49
2 5 14 15 0 5 16 17
0 6 29 30 18 15 14 26
2 9 41 42 31 30 29 39
4 11 50 51 43 42 41 48
0 4 0 1 2 3 4 5
3 2 18 19 6 1 0 15
3 10 31 32 20 19 18 30
4 11 43 44 33 32 31 42
5 0 52 53 45 44 43 51
3 12 6 7 8 9 2 1
2 9 20 21 10 7 6 19
0 8 33 34 22 21 20 32
3 3 45 46 35 34 33 44
0 8 10 11 12 13 8 7
4 3 22 23 24 11 10 21
0 6 35 36 37 23 22 34
C0 2 4 5
C1 2 35 46
C2 2 2 3
C3 2 25 28
C4 2 11 12
C31 8 51 52 38 40 45 53 23 37
11 4 6 9 12 10 10 5 4 7 6 3 4 7 6 6 5 6 9 8 6 8 9 8 6 3 8 7 9 6 11 7 4 8 12 11 7 7 5 7 7 4 11 8 9 3 8 6 5 8 6 9 12 9 10 7 6 8 6 3 6 9 8 5 7 9 9 6 8 5 6 12 6 10 9 5 6 7 5 7 8 9 8 9 5 7 5 5 6 6 8 9 7 6 7 12 6 10 10 12 3 6 9
96
1 6 25 26 14 17 27 28
2 8 38 39 29 26 25 40
1 5 47 48 41 39 38 49
4 4 14 15 0 5 16 17
3 3 29 30 18 15 14 26
1 6 41 42 31 30 29 39
2 4 50 51 43 42 41 48
3 12 0 1 2 3 4 5
5 0 18 19 6 1 0 15
2 5 31 32 20 19 18 30
4 2 43 44 33 32 31 42
3 11 52 53 45 44 43 51
4 11 6 7 8 9 2 1
4 10 20 21 10 7 6 19
4 3 33 34 22 21 20 32
0 9 45 46 35 34 33 44
0 9 10 11 12 13 8 7
2 8 22 23 24 11 10 21
3 10 35 36 37 23 22 34
C0 2 3 4
C1 2 23 37
C2 2 17 27
C3 2 48 50
C4 2 38 49
C31 8 45 46 2 9 11 12 25 28
8 5 5 5 9 4 8 11 4 11 10 11 10 4 5 6 10 9 11 8 5 11 12 7 8 2 8 5 3 7 3 3 3 8 4 6 6 2 4 5 8 5 7 10 3 5 5 7 7 5 11 10 8 6 6 2 7 9 11 9 7 7 11 4 4 2 3 11 12 12 3 11 11 9 7 5 7 6 7 2 5 8 8 7 8 10 6 4 5 9 5 8 4 7 7 8
101
2 9 25 26 14 17 27 28
1 6 38 39 29 26 25 40
2 4 47 48 41 39 38 49
3 10 14 15 0 5 16 17
0 8 29 30 18 15 14 26
2 8 41 42 31 30 29 39
3 11 50 51 43 42 41 48
2 6 0 1 2 3 4 5
4 3 18 19 6 1 0 15
4 2 31 32 20 19 18 30
4 11 43 44 33 32 31 42
3 12 52 53 45 44 43 51
3 10 6 7 8 9 2 1
2 5 20 21 10 7 6 19
5 0 33 34 22 21 20 32
1 9 45 46 35 34 33 44
1 5 10 11 12 13 8 7
0 4 22 23 24 11 10 21
3 3 35 36 37 23 22 34
C0 2 35 36
C1 2 2 3
C2 2 25 40
C3 2 11 12
C4 2 8 9
C31 8 4 5 23 24 47 49 51 52
11 7 4 3 7 8 7 8 6 11 3 8 3 7 6 6 8 5 3 7 9 7 7 5 8 9 7 6 8 7 7 5 9 4 8 5 2 11 7 4 5 12 7 9 4 8 9 3 5 10 2 11 9 5 11 8 8 4 5 8 8 9 10 2 3 10 12 9 6 11 9 7 7 8 8 8 11 4 8 11 7 7 9 10 11 6 10 4 12 9 7 9 2 2 2 7 11 10 10 3 6
