5
119
0 10 25 26 14 17 27 28
2 10 38 39 29 26 25 40
2 3 47 48 41 39 38 49
2 11 14 15 0 5 16 17
3 5 29 30 18 15 14 26
3 6 41 42 31 30 29 39
0 2 50 51 43 42 41 48
1 4 0 1 2 3 4 5
3 6 18 19 6 1 0 15
4 9 31 32 20 19 18 30
4 8 43 44 33 32 31 42
5 0 52 53 45 44 43 51
1 3 6 7 8 9 2 1
0 11 20 21 10 7 6 19
4 5 33 34 22 21 20 32
4 8 45 46 35 34 33 44
0 12 10 11 12 13 8 7
1 4 22 23 24 11 10 21
3 9 35 36 37 23 22 34
C0 2 25 28
C1 2 36 37
C2 2 23 24
C3 2 3 4
C4 2 5 16
C31 8 45 53 51 52 47 48 8 9
4 3 9 10 9 7 10 7 2 7 5 11 9 2 7 4 9 5 8 9 5 8 8 6 9 7 9 11 6 8 6 5 10 7 8 9 4 10 12 4 7 6 4 8 11 8 4 4 9 8 6 8 6 9 3 11 4 5 9 5 8 3 4 3 8 10 10 8 9 11 5 7 7 9 11 7 6 3 2 9 6 9 7 5 7 8 2 7 10 9 10 6 8 7 8 5 9 3 8 9 4 5 6 7 7 8 7 3 6 4 5 12 7 3 7 10 11 9 8
97
4 6 25 26 14 17 27 28
3 6 38 39 29 26 25 40
1 2 47 48 41 39 38 49
1 10 14 15 0 5 16 17
4 4 29 30 18 15 14 26
4 8 41 42 31 30 29 39
0 11 50 51 43 42 41 48
4 5 0 1 2 3 4 5
1 12 18 19 6 1 0 15
1 3 31 32 20 19 18 30
1 3 43 44 33 32 31 42
4 9 52 53 45 44 43 51
4 9 6 7 8 9 2 1
5 0 20 21 10 7 6 19
3 5 33 34 22 21 20 32
3 8 45 46 35 34 33 44
2 11 10 11 12 13 8 7
0 10 22 23 24 11 10 21
3 4 35 36 37 23 22 34
C0 2 47 49
C1 2 36 37
C2 2 50 51
C3 2 38 40
C4 2 2 3
C31 8 12 13 23 24 5 16 35 46
7 9 8 9 6 7 6 8 8 10 6 10 9 10 7 10 10 7 7 11 10 7 5 4 3 4 8 9 4 3 5 5 6 7 5 9 7 6 5 10 5 8 8 10 5 4 10 6 6 7 10 4 6 7 4 10 3 9 8 8 4 6 12 5 7 8 6 9 5 2 7 11 10 3 12 5 5 11 9 9 12 9 7 6 10 10 3 9 6 6 8 6 7 9 11 9 8
77
3 5 25 26 14 17 27 28
2 8 38 39 29 26 25 40
3 11 47 48 41 39 38 49
3 9 14 15 0 5 16 17
5 0 29 30 18 15 14 26
0 3 41 42 31 30 29 39
3 4 50 51 43 42 41 48
3 8 0 1 2 3 4 5
4 5 18 19 6 1 0 15
4 4 31 32 20 19 18 30
4 2 43 44 33 32 31 42
4 12 52 53 45 44 43 51
3 6 6 7 8 9 2 1
1 6 20 21 10 7 6 19
3 9 33 34 22 21 20 32
2 11 45 46 35 34 33 44
3 10 10 11 12 13 8 7
2 3 22 23 24 11 10 21
4 10 35 36 37 23 22 34
C0 2 45 53
C1 2 5 16
C2 2 12 13
C3 2 48 50
C4 2 11 24
C31 8 38 40 23 37 17 27 51 52
4 6 4 7 6 7 11 5 11 9 7 7 2 7 9 4 7 4 6 7 6 7 11 7 8 4 9 6 6 11 7 5 12 5 6 7 5 8 8 5 7 9 9 7 11 7 9 8 7 11 8 8 6 7 4 4 10 6 6 8 8 4 7 7 9 6 6 7 3 9 7 11 3 8 4 2 9
109
4 4 25 26 14 17 27 28
4 3 38 39 29 26 25 40
5 0 47 48 41 39 38 49
1 5 14 15 0 5 16 17
3 6 29 30 18 15 14 26
1 8 41 42 31 30 29 39
3 8 50 51 43 42 41 48
4 3 0 1 2 3 4 5
4 10 18 19 6 1 0 15
4 10 31 32 20 19 18 30
0 11 43 44 33 32 31 42
3 2 52 53 45 44 43 51
4 5 6 7 8 9 2 1
4 4 20 21 10 7 6 19
3 11 33 34 22 21 20 32
2 12 45 46 35 34 33 44
4 9 10 11 12 13 8 7
2 6 22 23 24 11 10 21
3 9 35 36 37 23 22 34
C0 2 52 53
C1 2 4 5
C2 2 23 24
C3 2 35 36
C4 2 17 27
C31 8 45 46 48 50 2 9 47 49
9 5 8 8 3 7 11 11 7 4 12 8 8 2 8 8 8 12 4 12 5 5 11 4 2 10 5 6 3 8 5 10 11 8 4 12 12 8 8 8 4 10 10 6 9 9 7 5 6 9 4 7 5 6 7 10 4 8 5 7 4 6 12 6 3 10 9 10 10 11 7 8 8 7 2 9 4 6 9 5 7 3 8 8 4 6 2 2 3 7 11 5 9 6 3 7 10 10 7 9 3 3 7 7 8 7 7 10 2
89
0 2 25 26 14 17 27 28
2 10 38 39 29 26 25 40
4 4 47 48 41 39 38 49
4 9 14 15 0 5 16 17
1 12 29 30 18 15 14 26
2 11 41 42 31 30 29 39
4 5 50 51 43 42 41 48
2 10 0 1 2 3 4 5
4 6 18 19 6 1 0 15
1 3 31 32 20 19 18 30
3 8 43 44 33 32 31 42
0 11 52 53 45 44 43 51
4 4 6 7 8 9 2 1
2 3 20 21 10 7 6 19
4 6 33 34 22 21 20 32
4 5 45 46 35 34 33 44
5 0 10 11 12 13 8 7
3 8 22 23 24 11 10 21
4 9 35 36 37 23 22 34
C0 2 11 12
C1 2 23 24
C2 2 17 27
C3 2 35 46
C4 2 38 40
C31 8 5 16 36 37 47 49 2 3
8 4 10 3 7 6 7 6 6 9 4 7 9 5 9 5 10 9 12 5 10 5 5 4 8 10 7 6 4 5 7 10 5 9 6 10 8 8 9 6 11 12 9 4 8 11 3 7 4 4 10 9 5 7 6 6 10 12 4 5 6 7 8 10 9 6 7 7 10 2 8 3 9 9 8 7 6 9 6 8 4 4 7 7 7 4 7 11 12
