5
87
1 9 25 26 14 17 27 28
0 5 38 39 29 26 25 40
4 2 47 48 41 39 38 49
3 11 14 15 0 5 16 17
3 10 29 30 18 15 14 26
2 8 41 42 31 30 29 39
1 8 50 51 43 42 41 48
0 3 0 1 2 3 4 5
2 6 18 19 6 1 0 15
5 0 31 32 20 19 18 30
4 9 43 44 33 32 31 42
0 6 52 53 45 44 43 51
2 3 6 7 8 9 2 1
2 4 20 21 10 7 6 19
4 12 33 34 22 21 20 32
0 5 45 46 35 34 33 44
3 10 10 11 12 13 8 7
3 11 22 23 24 11 10 21
1 4 35 36 37 23 22 34
C0 4 13 38 48 11
C1 7 13 52 12 28 5 37 45
C2 4 50 4 37 3
C3 2 5 9
C4 4 36 40 37 3
C31 0
9 9 11 9 4 7 3 6 6 7 6 6 8 5 5 11 3 11 5 6 6 8 5 6 6 10 6 11 4 8 6 8 8 5 6 5 4 6 9 3 5 9 6 10 4 9 9 4 8 6 8 7 6 8 6 8 3 3 6 8 10 7 6 6 3 11 9 6 11 6 5 9 12 11 6 2 10 5 7 8 3 10 12 8 7 6 6
100
1 11 25 26 14 17 27 28
5 0 38 39 29 26 25 40
3 2 47 48 41 39 38 49
0 3 14 15 0 5 16 17
3 4 29 30 18 15 14 26
1 6 41 42 31 30 29 39
0 8 50 51 43 42 41 48
0 11 0 1 2 3 4 5
3 4 18 19 6 1 0 15
2 10 31 32 20 19 18 30
4 9 43 44 33 32 31 42
0 10 52 53 45 44 43 51
3 5 6 7 8 9 2 1
1 12 20 21 10 7 6 19
2 8 33 34 22 21 20 32
2 6 45 46 35 34 33 44
4 5 10 11 12 13 8 7
4 9 22 23 24 11 10 21
2 3 35 36 37 23 22 34
C0 0
C1 3 48 46 24
C2 5 16 50 45 13 51
C3 8 13 23 9 5 25 16 52 35
C4 1 23
C31 0
5 8 9 8 4 10 2 9 7 7 6 7 7 5 4 6 10 7 4 7 9 8 4 12 9 9 8 8 5 9 4 6 9 7 10 4 5 8 9 8 10 6 7 4 7 6 7 2 4 6 9 10 4 7 3 12 6 7 11 9 12 11 9 12 7 8 9 7 4 7 7 5 5 6 3 4 3 4 3 9 5 7 9 9 10 9 11 10 10 9 2 7 7 7 10 8 4 7 5 7
103
0 9 25 26 14 17 27 28
2 2 38 39 29 26 25 40
2 12 47 48 41 39 38 49
1 6 14 15 0 5 16 17
3 4 29 30 18 15 14 26
0 8 41 42 31 30 29 39
3 11 50 51 43 42 41 48
2 3 0 1 2 3 4 5
4 8 18 19 6 1 0 15
1 3 31 32 20 19 18 30
4 4 43 44 33 32 31 42
2 9 52 53 45 44 43 51
0 10 6 7 8 9 2 1
0 5 20 21 10 7 6 19
4 10 33 34 22 21 20 32
1 11 45 46 35 34 33 44
3 5 10 11 12 13 8 7
5 0 22 23 24 11 10 21
3 6 35 36 37 23 22 34
C0 3 51 13 23
C1 6 4 51 50 27 49 3
C2 7 53 2 48 36 17 38 52
C3 8 3 50 51 4 2 38 27 11
C4 2 36 28
C31 1 28
4 7 7 7 4 9 7 3 7 5 9 10 10 6 3 10 11 8 7 3 8 12 5 10 9 5 9 9 8 5 9 9 8 5 4 5 9 9 10 7 9 10 7 10 2 10 8 10 6 7 4 2 6 8 10 8 9 3 5 9 12 7 9 2 8 5 12 6 5 9 7 8 4 7 7 6 12 4 8 5 3 8 6 6 5 4 4 8 8 8 4 6 9 4 8 7 6 8 6 4 7 7 8
80
0 9 25 26 14 17 27 28
3 3 38 39 29 26 25 40
3 6 47 48 41 39 38 49
0 5 14 15 0 5 16 17
4 5 29 30 18 15 14 26
2 10 41 42 31 30 29 39
4 4 50 51 43 42 41 48
1 6 0 1 2 3 4 5
3 8 18 19 6 1 0 15
0 11 31 32 20 19 18 30
2 8 43 44 33 32 31 42
5 0 52 53 45 44 43 51
1 4 6 7 8 9 2 1
4 12 20 21 10 7 6 19
2 3 33 34 22 21 20 32
0 2 45 46 35 34 33 44
3 11 10 11 12 13 8 7
1 9 22 23 24 11 10 21
2 10 35 36 37 23 22 34
C0 1 46
C1 4 46 13 4 17
C2 8 16 23 11 8 47 13 5 37
C3 3 17 5 13
C4 3 46 2 24
C31 7 13 49 16 23 38 35 11
8 11 5 9 6 5 10 9 6 4 3 2 10 7 8 11 5 10 7 2 4 7 9 9 2 4 5 8 8 10 11 6 4 7 4 8 4 5 8 9 7 11 8 7 5 8 6 12 3 6 4 10 6 9 5 8 6 9 3 5 9 3 6 5 9 9 12 10 5 7 6 3 8 9 5 6 11 6 9 9
97
5 0 25 26 14 17 27 28
3 10 38 39 29 26 25 40
4 2 47 48 41 39 38 49
2 6 14 15 0 5 16 17
3 11 29 30 18 15 14 26
4 3 41 42 31 30 29 39
0 8 50 51 43 42 41 48
1 5 0 1 2 3 4 5
3 4 18 19 6 1 0 15
0 9 31 32 20 19 18 30
0 6 43 44 33 32 31 42
2 11 52 53 45 44 43 51
1 10 6 7 8 9 2 1
2 5 20 21 10 7 6 19
3 4 33 34 22 21 20 32
1 12 45 46 35 34 33 44
2 9 10 11 12 13 8 7
4 8 22 23 24 11 10 21
0 3 35 36 37 23 22 34
C0 0
C1 8 40 45 24 28 9 5 35 8
C2 0
C3 5 37 52 13 4 24
C4 0
C31 6 5 13 24 28 38 40
9 11 4 10 8 4 7 7 12 7 5 5 8 3 7 7 4 8 9 5 8 10 12 7 10 11 6 5 7 4 7 8 6 9 8 2 9 2 8 11 5 5 12 4 10 11 8 10 4 10 5 3 4 5 4 6 8 10 6 4 7 6 9 5 4 8 3 9 7 11 11 3 5 4 10 9 3 8 10 8 8 10 9 9 8 4 6 9 9 5 7 4 11 10 9 4 5
