10
103
3 2 25 26 14 17 27 28
2 2 38 39 29 26 25 40
2 2 47 48 41 39 38 49
3 2 14 15 0 5 16 17
2 2 29 30 18 15 14 26
1 2 41 42 31 30 29 39
1 2 50 51 43 42 41 48
0 2 0 1 2 3 4 5
2 2 18 19 6 1 0 15
4 2 31 32 20 19 18 30
0 2 43 44 33 32 31 42
3 2 52 53 45 44 43 51
3 2 6 7 8 9 2 1
0 2 20 21 10 7 6 19
4 2 33 34 22 21 20 32
1 2 45 46 35 34 33 44
4 2 10 11 12 13 8 7
5 0 22 23 24 11 10 21
0 2 35 36 37 23 22 34
C0 2 47 48
C1 2 4 5
C2 2 35 46
C3 2 11 12
C4 2 38 49
C31 8 27 28 52 53 2 9 25 40
4 10 11 5 8 4 9 7 6 7 10 9 5 10 6 7 6 7 5 3 12 10 8 9 9 9 7 9 2 4 6 9 8 10 5 5 7 4 5 7 7 8 10 10 7 2 5 6 8 6 10 9 9 7 8 3 6 4 10 10 7 11 7 7 4 5 4 8 4 5 8 4 4 7 8 6 5 9 11 7 10 8 9 8 4 6 4 8 8 4 3 7 5 4 8 5 5 6 3 10 8 11 8
120
4 3 25 26 14 17 27 28
4 3 38 39 29 26 25 40
4 3 47 48 41 39 38 49
3 3 14 15 0 5 16 17
2 3 29 30 18 15 14 26
2 3 41 42 31 30 29 39
5 0 50 51 43 42 41 48
3 3 0 1 2 3 4 5
2 3 18 19 6 1 0 15
3 3 31 32 20 19 18 30
1 3 43 44 33 32 31 42
1 3 52 53 45 44 43 51
2 3 6 7 8 9 2 1
3 3 20 21 10 7 6 19
0 3 33 34 22 21 20 32
0 3 45 46 35 34 33 44
0 3 10 11 12 13 8 7
1 3 22 23 24 11 10 21
4 3 35 36 37 23 22 34
C0 2 16 17
C1 2 48 50
C2 2 38 49
C3 2 8 13
C4 2 51 52
C31 8 36 37 11 24 45 46 3 4
11 9 6 7 10 7 7 7 8 7 5 7 7 11 9 10 5 5 5 7 7 8 4 7 7 10 10 8 6 10 6 6 10 8 7 10 10 3 3 11 9 10 6 5 7 6 8 8 9 9 7 10 10 10 4 10 9 4 10 11 8 6 9 8 10 10 5 10 5 6 6 3 7 4 8 9 9 9 6 8 11 12 12 9 9 8 7 6 6 6 11 9 10 5 8 6 9 5 7 8 5 7 7 6 8 7 6 6 7 5 7 7 9 7 5 7 6 10 9 7
100
0 4 25 26 14 17 27 28
2 4 38 39 29 26 25 40
1 4 47 48 41 39 38 49
3 4 14 15 0 5 16 17
5 0 29 30 18 15 14 26
0 4 41 42 31 30 29 39
2 4 50 51 43 42 41 48
4 4 0 1 2 3 4 5
3 4 18 19 6 1 0 15
4 4 31 32 20 19 18 30
2 4 43 44 33 32 31 42
2 4 52 53 45 44 43 51
3 4 6 7 8 9 2 1
0 4 20 21 10 7 6 19
0 4 33 34 22 21 20 32
1 4 45 46 35 34 33 44
1 4 10 11 12 13 8 7
4 4 22 23 24 11 10 21
4 4 35 36 37 23 22 34
C0 2 45 46
C1 2 48 50
C2 2 23 24
C3 2 12 13
C4 2 4 5
C31 8 8 9 52 53 35 36 38 49
4 8 11 5 4 8 6 6 3 8 8 7 7 12 11 8 6 5 4 6 10 3 8 7 3 7 10 9 4 7 9 7 10 9 8 9 11 9 12 6 4 8 9 8 5 7 7 5 10 3 6 9 10 7 12 4 7 7 8 6 7 7 9 4 8 4 8 7 10 9 8 9 10 5 9 6 4 9 6 6 6 8 5 3 8 5 12 8 9 8 6 6 5 4 9 9 11 6 7 9
87
0 10 25 26 14 17 27 28
4 10 38 39 29 26 25 40
2 10 47 48 41 39 38 49
0 10 14 15 0 5 16 17
4 10 29 30 18 15 14 26
1 10 41 42 31 30 29 39
1 10 50 51 43 42 41 48
4 10 0 1 2 3 4 5
2 10 18 19 6 1 0 15
5 0 31 32 20 19 18 30
2 10 43 44 33 32 31 42
3 10 52 53 45 44 43 51
1 10 6 7 8 9 2 1
4 10 20 21 10 7 6 19
3 10 33 34 22 21 20 32
2 10 45 46 35 34 33 44
0 10 10 11 12 13 8 7
3 10 22 23 24 11 10 21
3 10 35 36 37 23 22 34
C0 2 3 4
C1 2 23 24
C2 2 11 12
C3 2 47 49
C4 2 27 28
C31 8 8 13 52 53 25 40 5 16
5 9 10 4 7 3 4 7 7 10 10 11 4 10 6 4 11 8 5 7 7 9 3 9 4 5 4 6 7 9 5 6 6 6 7 10 4 6 3 9 6 5 6 6 2 3 7 6 9 10 9 9 6 8 10 8 4 6 7 6 9 9 8 4 4 8 9 10 5 6 9 4 7 6 11 7 10 9 7 9 6 6 3 9 8 4 7
80
5 0 25 26 14 17 27 28
4 11 38 39 29 26 25 40
3 11 47 48 41 39 38 49
1 11 14 15 0 5 16 17
4 11 29 30 18 15 14 26
3 11 41 42 31 30 29 39
2 11 50 51 43 42 41 48
2 11 0 1 2 3 4 5
3 11 18 19 6 1 0 15
4 11 31 32 20 19 18 30
0 11 43 44 33 32 31 42
4 11 52 53 45 44 43 51
2 11 6 7 8 9 2 1
3 11 20 21 10 7 6 19
0 11 33 34 22 21 20 32
2 11 45 46 35 34 33 44
1 11 10 11 12 13 8 7
0 11 22 23 24 11 10 21
1 11 35 36 37 23 22 34
C0 2 47 49
C1 2 2 3
C2 2 27 28
C3 2 5 16
C4 2 23 37
C31 8 35 46 11 24 38 40 51 52
3 9 2 7 11 8 6 6 6 11 4 8 10 7 7 7 3 4 7 5 6 4 7 7 9 10 3 4 6 11 10 9 4 9 4 2 11 3 9 11 11 7 9 7 7 8 5 10 6 8 3 4 4 10 7 4 7 5 6 8 3 9 6 6 10 7 7 7 9 7 5 4 7 11 6 6 8 4 9 10
99
3 12 25 26 14 17 27 28
4 12 38 39 29 26 25 40
4 12 47 48 41 39 38 49
1 12 14 15 0 5 16 17
0 12 29 30 18 15 14 26
2 12 41 42 31 30 29 39
0 12 50 51 43 42 41 48
5 0 0 1 2 3 4 5
2 12 18 19 6 1 0 15
0 12 31 32 20 19 18 30
0 12 43 44 33 32 31 42
4 12 52 53 45 44 43 51
3 12 6 7 8 9 2 1
4 12 20 21 10 7 6 19
2 12 33 34 22 21 20 32
3 12 45 46 35 34 33 44
2 12 10 11 12 13 8 7
1 12 22 23 24 11 10 21
1 12 35 36 37 23 22 34
C0 2 38 49
C1 2 8 9
C2 2 11 24
C3 2 16 17
C4 2 48 50
C31 8 4 5 27 28 51 52 35 46
2 5 8 10 5 6 7 8 4 6 5 8 6 4 7 3 2 9 10 6 8 2 11 10 6 6 6 7 7 6 5 10 5 7 4 10 8 6 11 12 9 10 11 9 11 7 10 9 9 3 12 7 7 12 11 9 11 7 5 4 6 10 7 7 7 4 6 6 5 4 6 8 9 8 3 3 4 9 10 11 2 4 6 9 6 11 11 2 5 4 5 6 6 7 7 8 7 7 6
109
5 0 25 26 14 17 27 28
4 2 38 39 29 26 25 40
1 2 47 48 41 39 38 49
0 2 14 15 0 5 16 17
0 2 29 30 18 15 14 26
4 2 41 42 31 30 29 39
3 2 50 51 43 42 41 48
3 2 0 1 2 3 4 5
4 2 18 19 6 1 0 15
3 2 31 32 20 19 18 30
4 2 43 44 33 32 31 42
2 2 52 53 45 44 43 51
1 2 6 7 8 9 2 1
2 2 20 21 10 7 6 19
0 2 33 34 22 21 20 32
1 2 45 46 35 34 33 44
2 2 10 11 12 13 8 7
1 2 22 23 24 11 10 21
0 2 35 36 37 23 22 34
C0 2 27 28
C1 2 25 40
C2 2 4 5
C3 2 23 24
C4 2 16 17
C31 8 12 13 38 49 47 48 2 3
9 6 10 6 7 6 11 2 11 9 2 7 10 7 4 9 8 9 11 3 7 8 6 8 10 5 9 9 9 8 7 10 8 7 8 2 4 8 5 7 11 7 6 10 12 8 5 3 6 3 10 7 5 7 6 6 7 8 5 9 8 9 7 4 8 6 5 8 10 5 7 4 7 5 9 7 7 7 2 9 9 7 5 12 5 6 7 2 5 5 5 11 6 6 8 7 6 7 6 6 6 2 6 3 3 9 11 9 5
99
0 3 25 26 14 17 27 28
3 3 38 39 29 26 25 40
1 3 47 48 41 39 38 49
5 0 14 15 0 5 16 17
0 3 29 30 18 15 14 26
0 3 41 42 31 30 29 39
2 3 50 51 43 42 41 48
1 3 0 1 2 3 4 5
0 3 18 19 6 1 0 15
2 3 31 32 20 19 18 30
3 3 43 44 33 32 31 42
1 3 52 53 45 44 43 51
4 3 6 7 8 9 2 1
2 3 20 21 10 7 6 19
2 3 33 34 22 21 20 32
3 3 45 46 35 34 33 44
3 3 10 11 12 13 8 7
4 3 22 23 24 11 10 21
4 3 35 36 37 23 22 34
C0 2 38 40
C1 2 47 48
C2 2 8 9
C3 2 17 27
C4 2 35 46
C31 8 3 4 36 37 12 13 5 16
9 10 8 11 3 7 8 10 2 8 7 5 10 6 4 10 12 8 2 2 3 2 3 6 4 6 7 4 7 8 10 3 6 8 11 11 8 7 6 7 4 7 9 5 4 10 5 8 10 7 9 7 7 6 6 7 10 8 9 6 7 6 4 7 3 12 4 5 8 3 7 9 7 9 7 7 12 8 10 2 7 7 4 4 5 7 4 4 7 8 10 9 8 3 6 5 6 8 6
101
4 4 25 26 14 17 27 28
4 4 38 39 29 26 25 40
2 4 47 48 41 39 38 49
3 4 14 15 0 5 16 17
4 4 29 30 18 15 14 26
2 4 41 42 31 30 29 39
3 4 50 51 43 42 41 48
4 4 0 1 2 3 4 5
3 4 18 19 6 1 0 15
0 4 31 32 20 19 18 30
1 4 43 44 33 32 31 42
3 4 52 53 45 44 43 51
0 4 6 7 8 9 2 1
1 4 20 21 10 7 6 19
1 4 33 34 22 21 20 32
5 0 45 46 35 34 33 44
2 4 10 11 12 13 8 7
2 4 22 23 24 11 10 21
0 4 35 36 37 23 22 34
C0 2 2 9
C1 2 48 50
C2 2 35 46
C3 2 16 17
C4 2 11 24
C31 8 23 37 8 13 47 49 25 40
4 9 10 5 3 4 8 6 6 5 9 8 9 12 5 8 6 8 8 6 9 5 6 4 7 9 7 4 5 7 6 7 7 11 6 7 4 8 6 7 10 5 11 11 5 6 10 8 3 11 6 7 12 12 12 6 8 6 6 9 8 8 3 7 5 2 5 8 8 6 7 6 5 12 4 8 4 3 4 6 7 9 5 8 9 8 9 7 10 11 11 10 11 12 7 7 5 6 3 8 4
113
1 10 25 26 14 17 27 28
3 10 38 39 29 26 25 40
1 10 47 48 41 39 38 49
0 10 14 15 0 5 16 17
2 10 29 30 18 15 14 26
4 10 41 42 31 30 29 39
0 10 50 51 43 42 41 48
0 10 0 1 2 3 4 5
5 0 18 19 6 1 0 15
0 10 31 32 20 19 18 30
2 10 43 44 33 32 31 42
4 10 52 53 45 44 43 51
2 10 6 7 8 9 2 1
2 10 20 21 10 7 6 19
1 10 33 34 22 21 20 32
4 10 45 46 35 34 33 44
3 10 10 11 12 13 8 7
3 10 22 23 24 11 10 21
3 10 35 36 37 23 22 34
C0 2 47 48
C1 2 2 3
C2 2 35 36
C3 2 16 17
C4 2 8 13
C31 8 25 28 50 51 38 49 52 53
9 8 9 10 6 8 3 7 10 8 10 5 8 11 9 7 6 9 8 4 8 5 5 8 8 11 10 8 7 3 5 4 3 6 9 9 4 5 9 3 6 8 3 11 8 4 6 10 10 9 6 9 6 10 7 6 6 11 6 7 8 12 4 4 10 4 4 6 7 10 3 6 6 7 4 7 9 9 8 8 6 5 6 9 4 6 7 6 12 6 9 5 5 12 8 11 10 11 6 11 8 11 8 6 8 9 8 3 7 6 6 10 6
