8
116
5 0 25 26 14 17 27 28
3 11 38 39 29 26 25 40
0 10 47 48 41 39 38 49
3 12 14 15 0 5 16 17
0 9 29 30 18 15 14 26
4 4 41 42 31 30 29 39
3 3 50 51 43 42 41 48
2 8 0 1 2 3 4 5
3 5 18 19 6 1 0 15
3 11 31 32 20 19 18 30
4 3 43 44 33 32 31 42
0 10 52 53 45 44 43 51
2 6 6 7 8 9 2 1
2 6 20 21 10 7 6 19
4 2 33 34 22 21 20 32
1 4 45 46 35 34 33 44
2 8 10 11 12 13 8 7
4 9 22 23 24 11 10 21
0 5 35 36 37 23 22 34
C0 2 4 5
C1 2 27 28
C2 2 12 13
C3 2 51 52
C4 2 47 49
C31 8 2 9 45 53 23 24 48 50
12 7 7 7 10 7 11 11 10 6 6 11 5 11 8 7 6 7 8 8 12 4 3 4 5 3 9 4 8 8 4 7 9 6 8 7 9 6 3 3 6 7 5 3 8 8 7 8 6 6 6 9 10 5 6 2 11 9 10 8 8 8 6 8 3 7 6 12 6 6 6 9 9 5 12 12 7 8 9 11 5 4 6 3 10 6 5 6 6 8 3 5 6 4 4 8 8 5 6 3 2 5 7 7 7 11 8 6 4 11 4 8 4 8 7 7
100
5 0 25 26 14 17 27 28
4 12 38 39 29 26 25 40
4 9 47 48 41 39 38 49
1 10 14 15 0 5 16 17
3 4 29 30 18 15 14 26
2 6 41 42 31 30 29 39
1 11 50 51 43 42 41 48
0 5 0 1 2 3 4 5
2 8 18 19 6 1 0 15
4 3 31 32 20 19 18 30
2 8 43 44 33 32 31 42
0 3 52 53 45 44 43 51
2 5 6 7 8 9 2 1
4 10 20 21 10 7 6 19
3 11 33 34 22 21 20 32
2 6 45 46 35 34 33 44
4 2 10 11 12 13 8 7
1 4 22 23 24 11 10 21
0 9 35 36 37 23 22 34
C0 2 8 9
C1 2 35 36
C2 2 11 24
C3 2 45 46
C4 2 17 27
C31 8 38 40 51 52 47 49 12 13
3 5 7 10 9 10 2 7 7 8 4 8 5 8 7 10 9 6 6 11 8 9 7 6 8 3 6 4 5 7 7 10 5 3 8 9 6 7 9 6 2 4 3 10 7 8 5 8 7 6 3 11 6 3 4 5 6 12 5 6 7 9 5 10 5 3 8 2 5 11 6 10 7 4 12 7 7 11 5 5 3 9 5 4 6 4 3 9 8 9 6 7 7 5 6 5 3 6 9 2
103
1 3 25 26 14 17 27 28
2 8 38 39 29 26 25 40
3 2 47 48 41 39 38 49
2 5 14 15 0 5 16 17
4 4 29 30 18 15 14 26
0 4 41 42 31 30 29 39
3 11 50 51 43 42 41 48
2 5 0 1 2 3 4 5
0 12 18 19 6 1 0 15
4 9 31 32 20 19 18 30
2 6 43 44 33 32 31 42
4 10 52 53 45 44 43 51
1 3 6 7 8 9 2 1
2 9 20 21 10 7 6 19
2 6 33 34 22 21 20 32
1 11 45 46 35 34 33 44
5 0 10 11 12 13 8 7
4 10 22 23 24 11 10 21
2 8 35 36 37 23 22 34
C0 2 25 28
C1 2 38 40
C2 2 45 53
C3 2 35 36
C4 2 2 9
C31 8 51 52 48 50 8 13 17 27
7 8 11 4 10 7 11 9 8 4 8 9 6 9 12 6 9 6 7 9 7 2 7 10 6 7 6 7 8 6 5 7 8 9 6 11 7 8 4 6 5 9 6 10 8 4 9 9 10 4 7 6 7 7 7 3 12 9 8 6 10 11 12 3 8 6 6 5 8 6 7 10 7 6 5 10 8 10 11 7 5 12 4 6 7 7 10 8 5 7 6 3 10 4 3 9 5 6 10 8 11 5 3
108
3 10 25 26 14 17 27 28
2 5 38 39 29 26 25 40
2 9 47 48 41 39 38 49
1 4 14 15 0 5 16 17
1 3 29 30 18 15 14 26
2 5 41 42 31 30 29 39
2 8 50 51 43 42 41 48
4 11 0 1 2 3 4 5
3 11 18 19 6 1 0 15
4 2 31 32 20 19 18 30
2 8 43 44 33 32 31 42
2 4 52 53 45 44 43 51
0 3 6 7 8 9 2 1
2 6 20 21 10 7 6 19
5 0 33 34 22 21 20 32
2 6 45 46 35 34 33 44
2 9 10 11 12 13 8 7
0 12 22 23 24 11 10 21
3 10 35 36 37 23 22 34
C0 2 11 12
C1 2 51 52
C2 2 23 24
C3 2 48 50
C4 2 3 4
C31 8 38 40 35 46 8 9 17 27
5 8 11 10 7 9 6 8 9 9 3 6 8 7 11 6 11 4 9 7 8 10 7 3 7 10 8 4 5 8 11 9 2 11 6 3 6 6 9 5 12 3 3 8 10 6 9 11 5 5 10 8 11 2 8 6 8 9 6 5 5 6 7 9 4 11 6 9 6 4 11 6 10 9 5 4 7 2 7 8 9 10 9 5 7 7 6 9 8 6 4 5 3 9 8 8 7 7 8 5 7 6 6 6 9 6 10 4
105
2 5 25 26 14 17 27 28
2 8 38 39 29 26 25 40
2 8 47 48 41 39 38 49
1 12 14 15 0 5 16 17
5 0 29 30 18 15 14 26
3 4 41 42 31 30 29 39
2 5 50 51 43 42 41 48
4 3 0 1 2 3 4 5
1 4 18 19 6 1 0 15
0 11 31 32 20 19 18 30
0 2 43 44 33 32 31 42
1 10 52 53 45 44 43 51
1 3 6 7 8 9 2 1
4 9 20 21 10 7 6 19
2 6 33 34 22 21 20 32
4 11 45 46 35 34 33 44
2 9 10 11 12 13 8 7
3 10 22 23 24 11 10 21
2 6 35 36 37 23 22 34
C0 2 47 48
C1 2 17 27
C2 2 50 51
C3 2 25 28
C4 2 2 3
C31 8 4 5 11 24 35 36 12 13
12 11 7 7 6 11 4 5 5 7 9 8 4 5 7 5 3 5 2 6 10 7 6 6 8 10 4 7 7 8 4 9 6 9 8 4 5 7 8 5 9 9 6 6 6 4 4 6 7 4 8 5 10 9 11 8 7 6 6 5 10 7 12 4 10 9 11 10 6 9 9 6 6 4 6 9 2 11 6 5 9 4 8 9 10 3 7 6 10 8 5 6 9 8 8 3 6 7 9 11 4 10 5 9 9
82
1 3 25 26 14 17 27 28
0 9 38 39 29 26 25 40
1 4 47 48 41 39 38 49
0 5 14 15 0 5 16 17
2 6 29 30 18 15 14 26
0 12 41 42 31 30 29 39
0 5 50 51 43 42 41 48
2 8 0 1 2 3 4 5
1 10 18 19 6 1 0 15
4 4 31 32 20 19 18 30
2 8 43 44 33 32 31 42
3 10 52 53 45 44 43 51
0 9 6 7 8 9 2 1
5 0 20 21 10 7 6 19
0 11 33 34 22 21 20 32
2 6 45 46 35 34 33 44
4 2 10 11 12 13 8 7
3 3 22 23 24 11 10 21
0 11 35 36 37 23 22 34
C0 2 25 40
C1 2 4 5
C2 2 52 53
C3 2 35 36
C4 2 16 17
C31 8 23 24 2 9 50 51 27 28
6 10 9 6 7 6 6 10 8 7 5 3 9 6 7 8 10 7 9 7 11 8 8 9 9 7 4 8 5 4 10 7 7 5 10 10 8 9 5 10 7 3 11 2 11 7 8 8 11 10 10 9 7 7 8 6 5 9 7 6 3 5 9 5 7 8 7 7 2 7 6 6 9 11 10 7 7 9 3 7 6 5
112
1 10 25 26 14 17 27 28
4 10 38 39 29 26 25 40
1 12 47 48 41 39 38 49
4 3 14 15 0 5 16 17
1 3 29 30 18 15 14 26
3 5 41 42 31 30 29 39
2 8 50 51 43 42 41 48
0 9 0 1 2 3 4 5
4 5 18 19 6 1 0 15
2 6 31 32 20 19 18 30
2 8 43 44 33 32 31 42
1 4 52 53 45 44 43 51
1 2 6 7 8 9 2 1
3 4 20 21 10 7 6 19
2 6 33 34 22 21 20 32
5 0 45 46 35 34 33 44
3 11 10 11 12 13 8 7
3 9 22 23 24 11 10 21
0 11 35 36 37 23 22 34
C0 2 45 53
C1 2 4 5
C2 2 11 24
C3 2 27 28
C4 2 48 50
C31 8 8 13 2 3 38 40 36 37
10 12 5 6 8 6 4 5 11 9 9 5 7 10 9 4 9 10 3 11 8 10 4 10 7 7 5 6 6 7 10 5 8 8 11 4 10 5 6 6 7 8 5 8 12 7 6 8 3 9 3 9 9 5 8 12 3 7 10 3 3 7 9 7 7 11 11 6 11 8 7 10 8 4 5 9 6 5 9 4 7 8 7 8 9 6 5 5 7 9 5 7 4 2 4 12 11 7 3 11 5 4 4 11 8 3 10 8 6 6 5 7
118
2 5 25 26 14 17 27 28
4 11 38 39 29 26 25 40
3 4 47 48 41 39 38 49
2 6 14 15 0 5 16 17
2 6 29 30 18 15 14 26
0 12 41 42 31 30 29 39
2 8 50 51 43 42 41 48
1 3 0 1 2 3 4 5
2 5 18 19 6 1 0 15
5 0 31 32 20 19 18 30
4 10 43 44 33 32 31 42
2 9 52 53 45 44 43 51
4 4 6 7 8 9 2 1
4 3 20 21 10 7 6 19
0 2 33 34 22 21 20 32
2 9 45 46 35 34 33 44
0 10 10 11 12 13 8 7
2 8 22 23 24 11 10 21
1 11 35 36 37 23 22 34
C0 2 45 46
C1 2 47 49
C2 2 12 13
C3 2 5 16
C4 2 50 51
C31 8 35 36 3 4 17 27 52 53
6 8 5 7 4 6 7 7 4 5 7 2 6 6 7 2 9 5 3 7 10 8 8 12 9 5 7 4 9 5 6 7 4 8 6 4 8 6 6 4 8 2 7 10 9 7 4 5 11 7 8 6 6 7 2 5 4 7 7 4 6 4 8 7 6 7 9 11 3 12 6 8 6 7 7 8 5 10 11 5 11 4 9 2 5 10 6 5 11 6 7 2 5 4 10 8 8 6 9 9 8 10 8 2 7 9 6 8 6 9 3 10 5 8 5 2 4 3
