5
95
3 9 25 26 14 17 27 28
2 11 38 39 29 26 25 40
0 5 47 48 41 39 38 49
3 4 14 15 0 5 16 17
3 5 29 30 18 15 14 26
2 12 41 42 31 30 29 39
1 6 50 51 43 42 41 48
4 11 0 1 2 3 4 5
3 10 18 19 6 1 0 15
2 2 31 32 20 19 18 30
2 9 43 44 33 32 31 42
1 6 52 53 45 44 43 51
4 10 6 7 8 9 2 1
5 0 20 21 10 7 6 19
0 3 33 34 22 21 20 32
1 8 45 46 35 34 33 44
4 4 10 11 12 13 8 7
0 3 22 23 24 11 10 21
0 8 35 36 37 23 22 34
C0 2 25 28
C1 2 45 53
C2 2 11 12
C3 2 23 24
C4 2 48 50
C31 8 3 4 2 9 5 16 38 49
10 7 10 8 9 9 6 12 6 4 10 6 10 9 8 4 7 7 9 6 5 9 5 7 7 9 5 7 7 6 3 8 5 8 7 7 7 10 6 4 5 6 6 6 11 9 7 11 8 11 11 9 10 8 6 8 6 7 3 9 8 8 8 10 7 8 5 9 9 11 5 7 9 5 5 7 7 7 9 4 7 6 2 10 5 8 4 5 4 9 7 2 3 8 7
110
4 6 25 26 14 17 27 28
4 8 38 39 29 26 25 40
2 5 47 48 41 39 38 49
5 0 14 15 0 5 16 17
0 9 29 30 18 15 14 26
4 4 41 42 31 30 29 39
3 10 50 51 43 42 41 48
0 8 0 1 2 3 4 5
0 11 18 19 6 1 0 15
0 10 31 32 20 19 18 30
3 12 43 44 33 32 31 42
3 9 52 53 45 44 43 51
1 2 6 7 8 9 2 1
1 3 20 21 10 7 6 19
2 11 33 34 22 21 20 32
3 6 45 46 35 34 33 44
1 4 10 11 12 13 8 7
2 3 22 23 24 11 10 21
2 5 35 36 37 23 22 34
C0 2 11 12
C1 2 52 53
C2 2 38 40
C3 2 8 9
C4 2 47 48
C31 8 35 46 3 4 17 27 50 51
7 5 5 9 12 4 6 9 8 11 10 11 7 5 11 4 6 10 8 8 8 10 3 6 5 6 9 4 5 9 9 11 7 7 9 6 4 5 11 3 8 7 8 9 10 6 6 7 9 9 6 8 9 8 3 7 2 9 3 5 10 6 6 3 4 7 8 5 8 6 7 6 12 3 6 6 6 4 4 8 10 8 9 5 4 5 9 6 9 6 7 11 9 10 8 8 8 9 7 8 4 6 2 10 6 8 7 7 5 4
118
0 5 25 26 14 17 27 28
0 8 38 39 29 26 25 40
1 5 47 48 41 39 38 49
0 6 14 15 0 5 16 17
0 12 29 30 18 15 14 26
4 11 41 42 31 30 29 39
1 3 50 51 43 42 41 48
2 10 0 1 2 3 4 5
2 8 18 19 6 1 0 15
2 11 31 32 20 19 18 30
4 2 43 44 33 32 31 42
2 4 52 53 45 44 43 51
3 9 6 7 8 9 2 1
5 0 20 21 10 7 6 19
3 4 33 34 22 21 20 32
4 10 45 46 35 34 33 44
3 9 10 11 12 13 8 7
3 6 22 23 24 11 10 21
1 3 35 36 37 23 22 34
C0 2 52 53
C1 2 23 24
C2 2 36 37
C3 2 47 49
C4 2 3 4
C31 8 27 28 11 12 50 51 16 17
10 10 5 3 2 7 6 9 2 7 2 9 5 8 5 10 10 11 11 8 7 8 6 7 5 5 6 7 7 10 8 2 4 6 7 6 9 2 7 7 11 11 9 7 9 3 10 4 6 10 9 5 7 10 4 5 7 7 4 5 6 4 10 9 10 11 3 7 2 5 5 11 7 6 7 7 11 9 8 10 11 4 3 9 3 7 7 7 7 5 10 10 7 5 2 8 6 8 6 7 5 6 5 10 6 6 3 12 10 6 10 8 9 8 10 12 7 9
99
1 4 25 26 14 17 27 28
4 12 38 39 29 26 25 40
3 4 47 48 41 39 38 49
1 3 14 15 0 5 16 17
4 5 29 30 18 15 14 26
3 6 41 42 31 30 29 39
3 9 50 51 43 42 41 48
2 10 0 1 2 3 4 5
4 2 18 19 6 1 0 15
2 11 31 32 20 19 18 30
3 3 43 44 33 32 31 42
0 9 52 53 45 44 43 51
2 10 6 7 8 9 2 1
2 8 20 21 10 7 6 19
0 5 33 34 22 21 20 32
0 8 45 46 35 34 33 44
1 11 10 11 12 13 8 7
5 0 22 23 24 11 10 21
0 6 35 36 37 23 22 34
C0 2 8 13
C1 2 27 28
C2 2 2 3
C3 2 38 40
C4 2 4 5
C31 8 16 17 47 49 11 24 50 51
7 6 10 11 9 7 8 11 8 11 7 6 8 8 3 9 7 7 10 7 10 8 9 5 9 7 5 4 6 5 7 10 5 10 7 10 3 6 6 5 7 10 8 6 8 4 7 5 10 4 11 10 4 4 6 5 12 10 10 10 2 5 9 10 5 8 11 4 7 6 7 3 5 6 11 10 4 8 7 7 11 6 9 3 5 7 4 11 7 5 6 5 6 7 5 3 4 12 9
111
3 8 25 26 14 17 27 28
0 10 38 39 29 26 25 40
5 0 47 48 41 39 38 49
3 11 14 15 0 5 16 17
0 8 29 30 18 15 14 26
0 6 41 42 31 30 29 39
4 2 50 51 43 42 41 48
2 9 0 1 2 3 4 5
3 5 18 19 6 1 0 15
3 3 31 32 20 19 18 30
4 9 43 44 33 32 31 42
0 4 52 53 45 44 43 51
2 6 6 7 8 9 2 1
1 11 20 21 10 7 6 19
1 12 33 34 22 21 20 32
4 5 45 46 35 34 33 44
2 10 10 11 12 13 8 7
2 4 22 23 24 11 10 21
1 3 35 36 37 23 22 34
C0 2 4 5
C1 2 36 37
C2 2 38 40
C3 2 45 46
C4 2 51 52
C31 8 11 12 47 48 27 28 8 9
12 9 9 5 7 10 5 3 7 5 3 5 7 8 7 3 7 7 8 10 7 10 10 8 10 7 5 7 5 7 8 2 7 9 8 8 9 3 5 10 8 5 4 3 5 9 5 4 7 8 10 7 7 11 10 4 11 5 8 3 6 9 5 7 4 9 9 6 8 4 7 6 9 7 3 5 10 10 9 3 10 11 8 6 7 2 6 9 7 7 10 5 7 7 5 9 7 10 9 9 5 2 7 9 3 7 6 9 4 5 7
