3
88
2 5 25 26 14 17 27 28
0 5 38 39 29 26 25 40
0 5 47 48 41 39 38 49
4 5 14 15 0 5 16 17
2 5 29 30 18 15 14 26
0 5 41 42 31 30 29 39
4 5 50 51 43 42 41 48
2 5 0 1 2 3 4 5
3 5 18 19 6 1 0 15
1 5 31 32 20 19 18 30
1 5 43 44 33 32 31 42
3 5 52 53 45 44 43 51
5 0 6 7 8 9 2 1
0 5 20 21 10 7 6 19
2 5 33 34 22 21 20 32
4 5 45 46 35 34 33 44
1 5 10 11 12 13 8 7
3 5 22 23 24 11 10 21
1 5 35 36 37 23 22 34
C0 2 25 28
C1 2 45 46
C2 2 16 17
C3 2 23 24
C4 2 2 3
C31 8 35 36 11 12 50 51 4 5
8 4 5 8 6 12 8 9 6 6 7 6 5 6 10 8 3 2 9 5 6 2 4 10 7 11 5 10 11 8 3 9 6 9 6 3 7 6 10 7 4 8 5 10 9 8 5 2 8 4 4 7 8 7 8 8 8 4 11 10 8 6 8 12 4 5 6 6 2 7 6 5 4 5 11 4 6 11 9 12 6 8 7 7 9 7 7 11
84
5 0 25 26 14 17 27 28
2 6 38 39 29 26 25 40
4 6 47 48 41 39 38 49
1 6 14 15 0 5 16 17
1 6 29 30 18 15 14 26
3 6 41 42 31 30 29 39
4 6 50 51 43 42 41 48
2 6 0 1 2 3 4 5
3 6 18 19 6 1 0 15
3 6 31 32 20 19 18 30
0 6 43 44 33 32 31 42
4 6 52 53 45 44 43 51
4 6 6 7 8 9 2 1
2 6 20 21 10 7 6 19
0 6 33 34 22 21 20 32
0 6 45 46 35 34 33 44
3 6 10 11 12 13 8 7
0 6 22 23 24 11 10 21
1 6 35 36 37 23 22 34
C0 2 38 49
C1 2 35 36
C2 2 50 51
C3 2 27 28
C4 2 11 12
C31 8 5 16 47 48 25 40 3 4
6 3 10 7 7 5 3 3 5 8 7 5 5 7 3 7 6 6 9 3 6 9 3 8 10 4 7 11 9 7 6 8 4 7 9 7 3 10 7 5 4 4 6 8 3 2 9 10 9 7 11 11 9 11 8 7 5 6 12 6 6 9 6 2 2 3 6 7 7 7 9 12 6 9 10 6 8 7 3 8 4 8 11 2
91
2 8 25 26 14 17 27 28
0 8 38 39 29 26 25 40
4 8 47 48 41 39 38 49
1 8 14 15 0 5 16 17
0 8 29 30 18 15 14 26
3 8 41 42 31 30 29 39
2 8 50 51 43 42 41 48
1 8 0 1 2 3 4 5
3 8 18 19 6 1 0 15
1 8 31 32 20 19 18 30
2 8 43 44 33 32 31 42
5 0 52 53 45 44 43 51
4 8 6 7 8 9 2 1
4 8 20 21 10 7 6 19
0 8 33 34 22 21 20 32
2 8 45 46 35 34 33 44
3 8 10 11 12 13 8 7
4 8 22 23 24 11 10 21
1 8 35 36 37 23 22 34
C0 2 23 37
C1 2 35 36
C2 2 16 17
C3 2 47 49
C4 2 8 13
C31 8 50 51 2 9 25 28 52 53
11 10 9 11 7 7 12 6 8 10 8 9 6 10 7 8 7 3 6 4 11 6 10 7 10 9 6 6 8 8 7 5 3 8 10 6 8 2 10 11 6 7 3 2 8 10 9 3 8 10 7 6 9 10 7 9 4 11 7 6 7 10 9 5 5 8 6 11 6 8 6 4 2 7 10 8 11 8 6 7 12 8 3 9 3 6 9 8 9 3 9
