5
91
4 5 25 26 14 17 27 28
2 5 38 39 29 26 25 40
0 4 47 48 41 39 38 49
1 9 14 15 0 5 16 17
3 10 29 30 18 15 14 26
3 2 41 42 31 30 29 39
5 0 50 51 43 42 41 48
2 10 0 1 2 3 4 5
0 12 18 19 6 1 0 15
1 11 31 32 20 19 18 30
3 11 43 44 33 32 31 42
0 6 52 53 45 44 43 51
2 9 6 7 8 9 2 1
2 4 20 21 10 7 6 19
3 3 33 34 22 21 20 32
4 8 45 46 35 34 33 44
1 8 10 11 12 13 8 7
0 3 22 23 24 11 10 21
4 6 35 36 37 23 22 34
C0 2 51 52
C1 2 47 48
C2 2 12 13
C3 2 2 9
C4 2 35 46
C31 8 23 37 3 4 38 49 25 40
11 9 8 6 5 7 12 8 10 11 8 8 6 5 7 10 7 10 3 9 8 6 11 7 5 6 4 7 10 3 9 3 9 4 6 9 5 5 7 6 6 4 7 5 7 4 6 5 11 4 6 3 5 7 5 3 7 6 6 5 8 11 8 9 6 7 2 5 3 6 6 5 5 8 4 9 7 10 9 12 8 4 8 3 5 9 8 3 3 11 11
94
2 9 25 26 14 17 27 28
3 5 38 39 29 26 25 40
4 4 47 48 41 39 38 49
0 5 14 15 0 5 16 17
1 10 29 30 18 15 14 26
3 2 41 42 31 30 29 39
1 10 50 51 43 42 41 48
3 9 0 1 2 3 4 5
2 11 18 19 6 1 0 15
5 0 31 32 20 19 18 30
4 12 43 44 33 32 31 42
2 8 52 53 45 44 43 51
1 4 6 7 8 9 2 1
2 11 20 21 10 7 6 19
4 3 33 34 22 21 20 32
0 6 45 46 35 34 33 44
3 3 10 11 12 13 8 7
0 8 22 23 24 11 10 21
0 6 35 36 37 23 22 34
C0 2 8 13
C1 2 36 37
C2 2 11 24
C3 2 38 40
C4 2 47 48
C31 8 27 28 45 53 16 17 2 3
7 7 9 8 3 9 12 4 8 11 9 2 3 9 10 6 5 8 8 4 9 9 4 11 11 9 5 7 2 5 7 6 8 4 3 5 5 10 12 8 7 10 7 5 4 9 11 3 3 5 5 7 9 7 5 3 7 7 4 10 8 5 7 5 7 9 6 4 11 4 7 7 3 4 4 12 7 9 9 7 5 7 10 4 7 5 7 5 8 4 4 6 6 10
89
1 5 25 26 14 17 27 28
0 4 38 39 29 26 25 40
3 10 47 48 41 39 38 49
4 9 14 15 0 5 16 17
2 5 29 30 18 15 14 26
3 11 41 42 31 30 29 39
3 10 50 51 43 42 41 48
2 11 0 1 2 3 4 5
1 12 18 19 6 1 0 15
5 0 31 32 20 19 18 30
1 3 43 44 33 32 31 42
4 3 52 53 45 44 43 51
0 9 6 7 8 9 2 1
2 4 20 21 10 7 6 19
2 2 33 34 22 21 20 32
0 6 45 46 35 34 33 44
0 6 10 11 12 13 8 7
3 8 22 23 24 11 10 21
4 8 35 36 37 23 22 34
C0 2 38 40
C1 2 5 16
C2 2 25 28
C3 2 11 24
C4 2 35 46
C31 8 17 27 36 37 47 49 8 9
9 12 9 7 3 7 7 8 7 2 8 12 6 8 8 4 8 9 5 4 8 4 8 9 10 12 9 5 8 8 8 8 3 5 2 9 5 11 7 5 9 5 6 7 2 7 9 5 6 3 5 10 5 7 7 3 10 7 4 4 11 5 2 5 9 5 8 7 11 9 4 5 4 8 8 10 7 6 2 3 10 3 7 9 8 7 8 5 7
80
4 10 25 26 14 17 27 28
3 5 38 39 29 26 25 40
0 9 47 48 41 39 38 49
1 4 14 15 0 5 16 17
2 5 29 30 18 15 14 26
0 4 41 42 31 30 29 39
5 0 50 51 43 42 41 48
4 11 0 1 2 3 4 5
3 12 18 19 6 1 0 15
3 3 31 32 20 19 18 30
3 9 43 44 33 32 31 42
1 8 52 53 45 44 43 51
0 2 6 7 8 9 2 1
2 11 20 21 10 7 6 19
2 10 33 34 22 21 20 32
4 6 45 46 35 34 33 44
0 3 10 11 12 13 8 7
2 8 22 23 24 11 10 21
1 6 35 36 37 23 22 34
C0 2 25 40
C1 2 35 46
C2 2 48 50
C3 2 23 24
C4 2 2 3
C31 8 38 49 16 17 51 52 27 28
6 9 10 8 3 8 5 4 5 9 8 11 10 5 11 4 7 7 5 7 4 5 6 6 7 6 8 7 10 9 6 8 9 7 12 4 5 8 3 3 8 10 7 9 9 5 8 10 6 5 7 4 10 4 4 8 6 10 6 5 6 5 5 3 9 6 11 11 10 6 4 4 7 7 8 6 8 4 6 9
91
3 9 25 26 14 17 27 28
0 4 38 39 29 26 25 40
4 5 47 48 41 39 38 49
2 5 14 15 0 5 16 17
1 10 29 30 18 15 14 26
2 10 41 42 31 30 29 39
5 0 50 51 43 42 41 48
2 4 0 1 2 3 4 5
0 11 18 19 6 1 0 15
1 3 31 32 20 19 18 30
3 12 43 44 33 32 31 42
0 6 52 53 45 44 43 51
0 11 6 7 8 9 2 1
3 2 20 21 10 7 6 19
4 9 33 34 22 21 20 32
4 8 45 46 35 34 33 44
1 8 10 11 12 13 8 7
3 6 22 23 24 11 10 21
2 3 35 36 37 23 22 34
C0 2 27 28
C1 2 50 51
C2 2 52 53
C3 2 36 37
C4 2 2 9
C31 8 47 49 8 13 11 12 23 24
12 7 6 8 8 8 9 8 9 3 6 9 7 10 7 6 8 9 11 4 3 7 5 10 7 5 5 3 5 9 7 4 8 5 7 5 11 6 6 7 5 4 6 10 7 8 11 7 9 10 2 7 7 6 10 6 7 6 12 7 7 7 8 9 6 6 6 4 6 4 8 11 9 8 7 6 2 7 6 2 8 4 10 5 2 3 6 5 6 3 3
